Timestamp,Day,Total,Westbound,Eastbound
2015-06-24 00:00:00,Wednesday,13,9,4
2015-06-24 01:00:00,Wednesday,3,3,0
2015-06-24 02:00:00,Wednesday,1,1,0
2015-06-24 03:00:00,Wednesday,1,1,0
2015-06-24 04:00:00,Wednesday,1,1,0
2015-06-24 05:00:00,Wednesday,7,3,4
2015-06-24 06:00:00,Wednesday,36,6,30
2015-06-24 07:00:00,Wednesday,141,13,128
2015-06-24 08:00:00,Wednesday,327,44,283
2015-06-24 09:00:00,Wednesday,184,32,152
2015-06-24 10:00:00,Wednesday,94,30,64
2015-06-24 11:00:00,Wednesday,67,24,43
2015-06-24 12:00:00,Wednesday,66,32,34
2015-06-24 13:00:00,Wednesday,67,32,35
2015-06-24 14:00:00,Wednesday,47,31,16
2015-06-24 15:00:00,Wednesday,70,49,21
2015-06-24 16:00:00,Wednesday,110,80,30
2015-06-24 17:00:00,Wednesday,307,250,57
2015-06-24 18:00:00,Wednesday,257,222,35
2015-06-24 19:00:00,Wednesday,146,120,26
2015-06-24 20:00:00,Wednesday,77,64,13
2015-06-24 21:00:00,Wednesday,59,45,14
2015-06-24 22:00:00,Wednesday,34,26,8
2015-06-24 23:00:00,Wednesday,26,23,3
2015-06-25 00:00:00,Thursday,17,13,4
2015-06-25 01:00:00,Thursday,5,4,1
2015-06-25 02:00:00,Thursday,2,2,0
2015-06-25 03:00:00,Thursday,3,3,0
2015-06-25 04:00:00,Thursday,3,1,2
2015-06-25 05:00:00,Thursday,8,1,7
2015-06-25 06:00:00,Thursday,46,7,39
2015-06-25 07:00:00,Thursday,154,22,132
2015-06-25 08:00:00,Thursday,286,46,240
2015-06-25 09:00:00,Thursday,202,44,158
2015-06-25 10:00:00,Thursday,79,23,56
2015-06-25 11:00:00,Thursday,65,23,42
2015-06-25 12:00:00,Thursday,62,34,28
2015-06-25 13:00:00,Thursday,53,32,21
2015-06-25 14:00:00,Thursday,59,30,29
2015-06-25 15:00:00,Thursday,64,41,23
2015-06-25 16:00:00,Thursday,138,100,38
2015-06-25 17:00:00,Thursday,270,228,42
2015-06-25 18:00:00,Thursday,224,175,49
2015-06-25 19:00:00,Thursday,146,114,32
2015-06-25 20:00:00,Thursday,81,64,17
2015-06-25 21:00:00,Thursday,63,53,10
2015-06-25 22:00:00,Thursday,45,40,5
2015-06-25 23:00:00,Thursday,31,23,8
2015-06-26 00:00:00,Friday,15,10,5
2015-06-26 01:00:00,Friday,7,6,1
2015-06-26 02:00:00,Friday,1,1,0
2015-06-26 03:00:00,Friday,2,2,0
2015-06-26 04:00:00,Friday,0,0,0
2015-06-26 05:00:00,Friday,7,2,5
2015-06-26 06:00:00,Friday,30,7,23
2015-06-26 07:00:00,Friday,104,17,87
2015-06-26 08:00:00,Friday,244,41,203
2015-06-26 09:00:00,Friday,152,39,113
2015-06-26 10:00:00,Friday,64,16,48
2015-06-26 11:00:00,Friday,65,32,33
2015-06-26 12:00:00,Friday,53,31,22
2015-06-26 13:00:00,Friday,52,25,27
2015-06-26 14:00:00,Friday,73,49,24
2015-06-26 15:00:00,Friday,71,44,27
2015-06-26 16:00:00,Friday,117,99,18
2015-06-26 17:00:00,Friday,206,168,38
2015-06-26 18:00:00,Friday,178,138,40
2015-06-26 19:00:00,Friday,111,85,26
2015-06-26 20:00:00,Friday,90,78,12
2015-06-26 21:00:00,Friday,46,37,9
2015-06-26 22:00:00,Friday,30,20,10
2015-06-26 23:00:00,Friday,30,23,7
2015-06-27 00:00:00,Saturday,15,10,5
2015-06-27 01:00:00,Saturday,7,7,0
2015-06-27 02:00:00,Saturday,4,3,1
2015-06-27 03:00:00,Saturday,0,0,0
2015-06-27 04:00:00,Saturday,2,1,1
2015-06-27 05:00:00,Saturday,5,0,5
2015-06-27 06:00:00,Saturday,14,1,13
2015-06-27 07:00:00,Saturday,17,6,11
2015-06-27 08:00:00,Saturday,22,5,17
2015-06-27 09:00:00,Saturday,28,8,20
2015-06-27 10:00:00,Saturday,43,14,29
2015-06-27 11:00:00,Saturday,45,24,21
2015-06-27 12:00:00,Saturday,49,20,29
2015-06-27 13:00:00,Saturday,59,22,37
2015-06-27 14:00:00,Saturday,62,23,39
2015-06-27 15:00:00,Saturday,67,36,31
2015-06-27 16:00:00,Saturday,58,32,26
2015-06-27 17:00:00,Saturday,49,32,17
2015-06-27 18:00:00,Saturday,34,27,7
2015-06-27 19:00:00,Saturday,46,27,19
2015-06-27 20:00:00,Saturday,16,9,7
2015-06-27 21:00:00,Saturday,16,14,2
2015-06-27 22:00:00,Saturday,18,13,5
2015-06-27 23:00:00,Saturday,19,12,7
2015-06-28 00:00:00,Sunday,0,0,0
2015-06-28 01:00:00,Sunday,1,1,0
2015-06-28 02:00:00,Sunday,0,0,0
2015-06-28 03:00:00,Sunday,3,3,0
2015-06-28 04:00:00,Sunday,0,0,0
2015-06-28 05:00:00,Sunday,0,0,0
2015-06-28 06:00:00,Sunday,1,0,1
2015-06-28 07:00:00,Sunday,0,0,0
2015-06-28 08:00:00,Sunday,2,0,2
2015-06-28 09:00:00,Sunday,2,1,1
2015-06-28 10:00:00,Sunday,5,1,4
2015-06-28 11:00:00,Sunday,2,0,2
2015-06-28 12:00:00,Sunday,9,4,5
2015-06-28 13:00:00,Sunday,8,1,7
2015-06-28 14:00:00,Sunday,7,4,3
2015-06-28 15:00:00,Sunday,17,8,9
2015-06-28 16:00:00,Sunday,14,8,6
2015-06-28 17:00:00,Sunday,17,11,6
2015-06-28 18:00:00,Sunday,13,6,7
2015-06-28 19:00:00,Sunday,14,10,4
2015-06-28 20:00:00,Sunday,6,2,4
2015-06-28 21:00:00,Sunday,14,9,5
2015-06-28 22:00:00,Sunday,10,8,2
2015-06-28 23:00:00,Sunday,8,6,2
2015-06-29 00:00:00,Monday,0,0,0
2015-06-29 01:00:00,Monday,2,1,1
2015-06-29 02:00:00,Monday,0,0,0
2015-06-29 03:00:00,Monday,0,0,0
2015-06-29 04:00:00,Monday,1,0,1
2015-06-29 05:00:00,Monday,6,0,6
2015-06-29 06:00:00,Monday,42,5,37
2015-06-29 07:00:00,Monday,122,18,104
2015-06-29 08:00:00,Monday,288,34,254
2015-06-29 09:00:00,Monday,195,32,163
2015-06-29 10:00:00,Monday,64,18,46
2015-06-29 11:00:00,Monday,50,17,33
2015-06-29 12:00:00,Monday,43,16,27
2015-06-29 13:00:00,Monday,45,28,17
2015-06-29 14:00:00,Monday,39,19,20
2015-06-29 15:00:00,Monday,55,37,18
2015-06-29 16:00:00,Monday,98,83,15
2015-06-29 17:00:00,Monday,266,228,38
2015-06-29 18:00:00,Monday,227,196,31
2015-06-29 19:00:00,Monday,115,94,21
2015-06-29 20:00:00,Monday,77,64,13
2015-06-29 21:00:00,Monday,48,42,6
2015-06-29 22:00:00,Monday,39,32,7
2015-06-29 23:00:00,Monday,19,14,5
2015-06-30 00:00:00,Tuesday,7,6,1
2015-06-30 01:00:00,Tuesday,2,2,0
2015-06-30 02:00:00,Tuesday,2,2,0
2015-06-30 03:00:00,Tuesday,1,1,0
2015-06-30 04:00:00,Tuesday,0,0,0
2015-06-30 05:00:00,Tuesday,15,1,14
2015-06-30 06:00:00,Tuesday,42,6,36
2015-06-30 07:00:00,Tuesday,152,23,129
2015-06-30 08:00:00,Tuesday,317,47,270
2015-06-30 09:00:00,Tuesday,213,41,172
2015-06-30 10:00:00,Tuesday,89,19,70
2015-06-30 11:00:00,Tuesday,66,25,41
2015-06-30 12:00:00,Tuesday,62,25,37
2015-06-30 13:00:00,Tuesday,54,25,29
2015-06-30 14:00:00,Tuesday,48,28,20
2015-06-30 15:00:00,Tuesday,60,45,15
2015-06-30 16:00:00,Tuesday,129,93,36
2015-06-30 17:00:00,Tuesday,295,241,54
2015-06-30 18:00:00,Tuesday,278,228,50
2015-06-30 19:00:00,Tuesday,138,113,25
2015-06-30 20:00:00,Tuesday,69,62,7
2015-06-30 21:00:00,Tuesday,63,53,10
2015-06-30 22:00:00,Tuesday,43,40,3
2015-06-30 23:00:00,Tuesday,25,19,6
2015-07-01 00:00:00,Wednesday,11,7,4
2015-07-01 01:00:00,Wednesday,5,3,2
2015-07-01 02:00:00,Wednesday,1,1,0
2015-07-01 03:00:00,Wednesday,3,2,1
2015-07-01 04:00:00,Wednesday,2,2,0
2015-07-01 05:00:00,Wednesday,6,1,5
2015-07-01 06:00:00,Wednesday,43,8,35
2015-07-01 07:00:00,Wednesday,59,5,54
2015-07-01 08:00:00,Wednesday,72,3,69
2015-07-01 09:00:00,Wednesday,51,10,41
2015-07-01 10:00:00,Wednesday,33,6,27
2015-07-01 11:00:00,Wednesday,30,11,19
2015-07-01 12:00:00,Wednesday,31,15,16
2015-07-01 13:00:00,Wednesday,30,16,14
2015-07-01 14:00:00,Wednesday,36,22,14
2015-07-01 15:00:00,Wednesday,41,26,15
2015-07-01 16:00:00,Wednesday,79,54,25
2015-07-01 17:00:00,Wednesday,129,93,36
2015-07-01 18:00:00,Wednesday,124,98,26
2015-07-01 19:00:00,Wednesday,91,72,19
2015-07-01 20:00:00,Wednesday,46,30,16
2015-07-01 21:00:00,Wednesday,25,14,11
2015-07-01 22:00:00,Wednesday,24,23,1
2015-07-01 23:00:00,Wednesday,25,22,3
2015-07-02 00:00:00,Thursday,14,10,4
2015-07-02 01:00:00,Thursday,2,1,1
2015-07-02 02:00:00,Thursday,4,4,0
2015-07-02 03:00:00,Thursday,1,1,0
2015-07-02 04:00:00,Thursday,1,0,1
2015-07-02 05:00:00,Thursday,11,3,8
2015-07-02 06:00:00,Thursday,38,5,33
2015-07-02 07:00:00,Thursday,134,19,115
2015-07-02 08:00:00,Thursday,276,43,233
2015-07-02 09:00:00,Thursday,199,40,159
2015-07-02 10:00:00,Thursday,84,26,58
2015-07-02 11:00:00,Thursday,58,20,38
2015-07-02 12:00:00,Thursday,60,32,28
2015-07-02 13:00:00,Thursday,75,49,26
2015-07-02 14:00:00,Thursday,86,64,22
2015-07-02 15:00:00,Thursday,111,84,27
2015-07-02 16:00:00,Thursday,158,131,27
2015-07-02 17:00:00,Thursday,219,182,37
2015-07-02 18:00:00,Thursday,176,130,46
2015-07-02 19:00:00,Thursday,105,82,23
2015-07-02 20:00:00,Thursday,47,40,7
2015-07-02 21:00:00,Thursday,40,30,10
2015-07-02 22:00:00,Thursday,25,22,3
2015-07-02 23:00:00,Thursday,19,15,4
2015-07-03 00:00:00,Friday,18,12,6
2015-07-03 01:00:00,Friday,10,7,3
2015-07-03 02:00:00,Friday,7,6,1
2015-07-03 03:00:00,Friday,1,0,1
2015-07-03 04:00:00,Friday,2,2,0
2015-07-03 05:00:00,Friday,3,0,3
2015-07-03 06:00:00,Friday,16,0,16
2015-07-03 07:00:00,Friday,22,5,17
2015-07-03 08:00:00,Friday,47,13,34
2015-07-03 09:00:00,Friday,54,13,41
2015-07-03 10:00:00,Friday,49,20,29
2015-07-03 11:00:00,Friday,72,28,44
2015-07-03 12:00:00,Friday,42,18,24
2015-07-03 13:00:00,Friday,57,29,28
2015-07-03 14:00:00,Friday,59,33,26
2015-07-03 15:00:00,Friday,53,32,21
2015-07-03 16:00:00,Friday,58,30,28
2015-07-03 17:00:00,Friday,80,54,26
2015-07-03 18:00:00,Friday,60,33,27
2015-07-03 19:00:00,Friday,48,30,18
2015-07-03 20:00:00,Friday,30,19,11
2015-07-03 21:00:00,Friday,28,24,4
2015-07-03 22:00:00,Friday,33,28,5
2015-07-03 23:00:00,Friday,21,18,3
2015-07-04 00:00:00,Saturday,8,7,1
2015-07-04 01:00:00,Saturday,13,11,2
2015-07-04 02:00:00,Saturday,4,4,0
2015-07-04 03:00:00,Saturday,1,1,0
2015-07-04 04:00:00,Saturday,0,0,0
2015-07-04 05:00:00,Saturday,1,0,1
2015-07-04 06:00:00,Saturday,8,3,5
2015-07-04 07:00:00,Saturday,16,7,9
2015-07-04 08:00:00,Saturday,15,3,12
2015-07-04 09:00:00,Saturday,21,4,17
2015-07-04 10:00:00,Saturday,38,13,25
2015-07-04 11:00:00,Saturday,33,16,17
2015-07-04 12:00:00,Saturday,46,27,19
2015-07-04 13:00:00,Saturday,48,23,25
2015-07-04 14:00:00,Saturday,33,17,16
2015-07-04 15:00:00,Saturday,50,25,25
2015-07-04 16:00:00,Saturday,36,14,22
2015-07-04 17:00:00,Saturday,37,17,20
2015-07-04 18:00:00,Saturday,28,10,18
2015-07-04 19:00:00,Saturday,50,18,32
2015-07-04 20:00:00,Saturday,53,21,32
2015-07-04 21:00:00,Saturday,32,9,23
2015-07-04 22:00:00,Saturday,27,14,13
2015-07-04 23:00:00,Saturday,71,64,7
2015-07-05 00:00:00,Sunday,22,22,0
2015-07-05 01:00:00,Sunday,16,12,4
2015-07-05 02:00:00,Sunday,4,3,1
2015-07-05 03:00:00,Sunday,1,0,1
2015-07-05 04:00:00,Sunday,1,1,0
2015-07-05 05:00:00,Sunday,2,1,1
2015-07-05 06:00:00,Sunday,10,3,7
2015-07-05 07:00:00,Sunday,17,10,7
2015-07-05 08:00:00,Sunday,15,10,5
2015-07-05 09:00:00,Sunday,32,10,22
2015-07-05 10:00:00,Sunday,42,13,29
2015-07-05 11:00:00,Sunday,39,16,23
2015-07-05 12:00:00,Sunday,40,17,23
2015-07-05 13:00:00,Sunday,62,37,25
2015-07-05 14:00:00,Sunday,57,30,27
2015-07-05 15:00:00,Sunday,48,27,21
2015-07-05 16:00:00,Sunday,49,27,22
2015-07-05 17:00:00,Sunday,57,31,26
2015-07-05 18:00:00,Sunday,52,34,18
2015-07-05 19:00:00,Sunday,41,26,15
2015-07-05 20:00:00,Sunday,29,23,6
2015-07-05 21:00:00,Sunday,35,32,3
2015-07-05 22:00:00,Sunday,15,14,1
2015-07-05 23:00:00,Sunday,16,8,8
2015-07-06 00:00:00,Monday,4,3,1
2015-07-06 01:00:00,Monday,2,1,1
2015-07-06 02:00:00,Monday,0,0,0
2015-07-06 03:00:00,Monday,0,0,0
2015-07-06 04:00:00,Monday,1,0,1
2015-07-06 05:00:00,Monday,5,1,4
2015-07-06 06:00:00,Monday,37,6,31
2015-07-06 07:00:00,Monday,136,18,118
2015-07-06 08:00:00,Monday,298,48,250
2015-07-06 09:00:00,Monday,176,25,151
2015-07-06 10:00:00,Monday,69,21,48
2015-07-06 11:00:00,Monday,48,14,34
2015-07-06 12:00:00,Monday,46,25,21
2015-07-06 13:00:00,Monday,49,23,26
2015-07-06 14:00:00,Monday,63,35,28
2015-07-06 15:00:00,Monday,51,35,16
2015-07-06 16:00:00,Monday,125,93,32
2015-07-06 17:00:00,Monday,280,245,35
2015-07-06 18:00:00,Monday,222,191,31
2015-07-06 19:00:00,Monday,112,95,17
2015-07-06 20:00:00,Monday,66,53,13
2015-07-06 21:00:00,Monday,57,48,9
2015-07-06 22:00:00,Monday,36,33,3
2015-07-06 23:00:00,Monday,17,16,1
2015-07-07 00:00:00,Tuesday,5,2,3
2015-07-07 01:00:00,Tuesday,4,4,0
2015-07-07 02:00:00,Tuesday,0,0,0
2015-07-07 03:00:00,Tuesday,0,0,0
2015-07-07 04:00:00,Tuesday,3,1,2
2015-07-07 05:00:00,Tuesday,8,0,8
2015-07-07 06:00:00,Tuesday,41,4,37
2015-07-07 07:00:00,Tuesday,139,27,112
2015-07-07 08:00:00,Tuesday,284,39,245
2015-07-07 09:00:00,Tuesday,215,36,179
2015-07-07 10:00:00,Tuesday,87,25,62
2015-07-07 11:00:00,Tuesday,62,31,31
2015-07-07 12:00:00,Tuesday,68,26,42
2015-07-07 13:00:00,Tuesday,47,25,22
2015-07-07 14:00:00,Tuesday,41,24,17
2015-07-07 15:00:00,Tuesday,69,46,23
2015-07-07 16:00:00,Tuesday,98,75,23
2015-07-07 17:00:00,Tuesday,302,265,37
2015-07-07 18:00:00,Tuesday,284,237,47
2015-07-07 19:00:00,Tuesday,131,102,29
2015-07-07 20:00:00,Tuesday,76,61,15
2015-07-07 21:00:00,Tuesday,74,58,16
2015-07-07 22:00:00,Tuesday,45,34,11
2015-07-07 23:00:00,Tuesday,23,18,5
2015-07-08 00:00:00,Wednesday,6,4,2
2015-07-08 01:00:00,Wednesday,2,1,1
2015-07-08 02:00:00,Wednesday,3,2,1
2015-07-08 03:00:00,Wednesday,1,1,0
2015-07-08 04:00:00,Wednesday,1,0,1
2015-07-08 05:00:00,Wednesday,7,1,6
2015-07-08 06:00:00,Wednesday,48,8,40
2015-07-08 07:00:00,Wednesday,152,26,126
2015-07-08 08:00:00,Wednesday,255,33,222
2015-07-08 09:00:00,Wednesday,157,28,129
2015-07-08 10:00:00,Wednesday,66,15,51
2015-07-08 11:00:00,Wednesday,42,17,25
2015-07-08 12:00:00,Wednesday,44,19,25
2015-07-08 13:00:00,Wednesday,43,20,23
2015-07-08 14:00:00,Wednesday,51,31,20
2015-07-08 15:00:00,Wednesday,55,40,15
2015-07-08 16:00:00,Wednesday,99,77,22
2015-07-08 17:00:00,Wednesday,257,213,44
2015-07-08 18:00:00,Wednesday,199,167,32
2015-07-08 19:00:00,Wednesday,158,121,37
2015-07-08 20:00:00,Wednesday,85,64,21
2015-07-08 21:00:00,Wednesday,57,44,13
2015-07-08 22:00:00,Wednesday,35,26,9
2015-07-08 23:00:00,Wednesday,32,26,6
2015-07-09 00:00:00,Thursday,10,8,2
2015-07-09 01:00:00,Thursday,2,1,1
2015-07-09 02:00:00,Thursday,6,5,1
2015-07-09 03:00:00,Thursday,2,2,0
2015-07-09 04:00:00,Thursday,5,3,2
2015-07-09 05:00:00,Thursday,10,3,7
2015-07-09 06:00:00,Thursday,42,5,37
2015-07-09 07:00:00,Thursday,148,26,122
2015-07-09 08:00:00,Thursday,302,37,265
2015-07-09 09:00:00,Thursday,208,34,174
2015-07-09 10:00:00,Thursday,105,35,70
2015-07-09 11:00:00,Thursday,52,22,30
2015-07-09 12:00:00,Thursday,77,33,44
2015-07-09 13:00:00,Thursday,54,32,22
2015-07-09 14:00:00,Thursday,61,42,19
2015-07-09 15:00:00,Thursday,83,58,25
2015-07-09 16:00:00,Thursday,102,82,20
2015-07-09 17:00:00,Thursday,272,218,54
2015-07-09 18:00:00,Thursday,241,200,41
2015-07-09 19:00:00,Thursday,137,117,20
2015-07-09 20:00:00,Thursday,82,68,14
2015-07-09 21:00:00,Thursday,47,37,10
2015-07-09 22:00:00,Thursday,35,27,8
2015-07-09 23:00:00,Thursday,18,14,4
2015-07-10 00:00:00,Friday,7,6,1
2015-07-10 01:00:00,Friday,1,1,0
2015-07-10 02:00:00,Friday,1,1,0
2015-07-10 03:00:00,Friday,0,0,0
2015-07-10 04:00:00,Friday,2,1,1
2015-07-10 05:00:00,Friday,6,2,4
2015-07-10 06:00:00,Friday,26,4,22
2015-07-10 07:00:00,Friday,86,19,67
2015-07-10 08:00:00,Friday,256,34,222
2015-07-10 09:00:00,Friday,172,30,142
2015-07-10 10:00:00,Friday,70,18,52
2015-07-10 11:00:00,Friday,56,24,32
2015-07-10 12:00:00,Friday,62,32,30
2015-07-10 13:00:00,Friday,56,31,25
2015-07-10 14:00:00,Friday,55,35,20
2015-07-10 15:00:00,Friday,70,50,20
2015-07-10 16:00:00,Friday,113,95,18
2015-07-10 17:00:00,Friday,222,183,39
2015-07-10 18:00:00,Friday,178,134,44
2015-07-10 19:00:00,Friday,102,67,35
2015-07-10 20:00:00,Friday,79,51,28
2015-07-10 21:00:00,Friday,46,36,10
2015-07-10 22:00:00,Friday,132,122,10
2015-07-10 23:00:00,Friday,49,42,7
2015-07-11 00:00:00,Saturday,27,19,8
2015-07-11 01:00:00,Saturday,18,9,9
2015-07-11 02:00:00,Saturday,8,7,1
2015-07-11 03:00:00,Saturday,4,4,0
2015-07-11 04:00:00,Saturday,4,4,0
2015-07-11 05:00:00,Saturday,2,0,2
2015-07-11 06:00:00,Saturday,9,2,7
2015-07-11 07:00:00,Saturday,17,6,11
2015-07-11 08:00:00,Saturday,28,7,21
2015-07-11 09:00:00,Saturday,29,12,17
2015-07-11 10:00:00,Saturday,46,14,32
2015-07-11 11:00:00,Saturday,54,16,38
2015-07-11 12:00:00,Saturday,54,28,26
2015-07-11 13:00:00,Saturday,62,24,38
2015-07-11 14:00:00,Saturday,50,26,24
2015-07-11 15:00:00,Saturday,46,26,20
2015-07-11 16:00:00,Saturday,59,36,23
2015-07-11 17:00:00,Saturday,45,23,22
2015-07-11 18:00:00,Saturday,58,41,17
2015-07-11 19:00:00,Saturday,52,32,20
2015-07-11 20:00:00,Saturday,35,21,14
2015-07-11 21:00:00,Saturday,31,26,5
2015-07-11 22:00:00,Saturday,31,26,5
2015-07-11 23:00:00,Saturday,45,39,6
2015-07-12 00:00:00,Sunday,18,12,6
2015-07-12 01:00:00,Sunday,9,6,3
2015-07-12 02:00:00,Sunday,4,4,0
2015-07-12 03:00:00,Sunday,1,0,1
2015-07-12 04:00:00,Sunday,2,2,0
2015-07-12 05:00:00,Sunday,2,0,2
2015-07-12 06:00:00,Sunday,4,1,3
2015-07-12 07:00:00,Sunday,8,3,5
2015-07-12 08:00:00,Sunday,22,8,14
2015-07-12 09:00:00,Sunday,38,9,29
2015-07-12 10:00:00,Sunday,32,12,20
2015-07-12 11:00:00,Sunday,39,24,15
2015-07-12 12:00:00,Sunday,50,20,30
2015-07-12 13:00:00,Sunday,33,15,18
2015-07-12 14:00:00,Sunday,46,20,26
2015-07-12 15:00:00,Sunday,52,26,26
2015-07-12 16:00:00,Sunday,59,40,19
2015-07-12 17:00:00,Sunday,61,36,25
2015-07-12 18:00:00,Sunday,60,39,21
2015-07-12 19:00:00,Sunday,54,36,18
2015-07-12 20:00:00,Sunday,27,21,6
2015-07-12 21:00:00,Sunday,21,15,6
2015-07-12 22:00:00,Sunday,20,14,6
2015-07-12 23:00:00,Sunday,8,7,1
2015-07-13 00:00:00,Monday,12,8,4
2015-07-13 01:00:00,Monday,1,1,0
2015-07-13 02:00:00,Monday,1,1,0
2015-07-13 03:00:00,Monday,0,0,0
2015-07-13 04:00:00,Monday,0,0,0
2015-07-13 05:00:00,Monday,8,1,7
2015-07-13 06:00:00,Monday,48,7,41
2015-07-13 07:00:00,Monday,138,23,115
2015-07-13 08:00:00,Monday,321,39,282
2015-07-13 09:00:00,Monday,205,34,171
2015-07-13 10:00:00,Monday,66,20,46
2015-07-13 11:00:00,Monday,48,12,36
2015-07-13 12:00:00,Monday,58,34,24
2015-07-13 13:00:00,Monday,59,31,28
2015-07-13 14:00:00,Monday,51,31,20
2015-07-13 15:00:00,Monday,60,43,17
2015-07-13 16:00:00,Monday,122,89,33
2015-07-13 17:00:00,Monday,297,254,43
2015-07-13 18:00:00,Monday,268,231,37
2015-07-13 19:00:00,Monday,138,114,24
2015-07-13 20:00:00,Monday,83,64,19
2015-07-13 21:00:00,Monday,45,33,12
2015-07-13 22:00:00,Monday,27,19,8
2015-07-13 23:00:00,Monday,27,21,6
2015-07-14 00:00:00,Tuesday,7,3,4
2015-07-14 01:00:00,Tuesday,6,6,0
2015-07-14 02:00:00,Tuesday,1,0,1
2015-07-14 03:00:00,Tuesday,2,2,0
2015-07-14 04:00:00,Tuesday,2,0,2
2015-07-14 05:00:00,Tuesday,7,2,5
2015-07-14 06:00:00,Tuesday,37,9,28
2015-07-14 07:00:00,Tuesday,138,24,114
2015-07-14 08:00:00,Tuesday,293,43,250
2015-07-14 09:00:00,Tuesday,192,30,162
2015-07-14 10:00:00,Tuesday,100,27,73
2015-07-14 11:00:00,Tuesday,43,20,23
2015-07-14 12:00:00,Tuesday,67,31,36
2015-07-14 13:00:00,Tuesday,55,30,25
2015-07-14 14:00:00,Tuesday,46,24,22
2015-07-14 15:00:00,Tuesday,64,50,14
2015-07-14 16:00:00,Tuesday,118,88,30
2015-07-14 17:00:00,Tuesday,302,247,55
2015-07-14 18:00:00,Tuesday,254,215,39
2015-07-14 19:00:00,Tuesday,155,131,24
2015-07-14 20:00:00,Tuesday,81,72,9
2015-07-14 21:00:00,Tuesday,55,39,16
2015-07-14 22:00:00,Tuesday,39,28,11
2015-07-14 23:00:00,Tuesday,25,21,4
2015-07-15 00:00:00,Wednesday,13,12,1
2015-07-15 01:00:00,Wednesday,9,8,1
2015-07-15 02:00:00,Wednesday,6,6,0
2015-07-15 03:00:00,Wednesday,3,1,2
2015-07-15 04:00:00,Wednesday,1,1,0
2015-07-15 05:00:00,Wednesday,5,1,4
2015-07-15 06:00:00,Wednesday,45,4,41
2015-07-15 07:00:00,Wednesday,123,21,102
2015-07-15 08:00:00,Wednesday,269,45,224
2015-07-15 09:00:00,Wednesday,195,33,162
2015-07-15 10:00:00,Wednesday,76,24,52
2015-07-15 11:00:00,Wednesday,54,20,34
2015-07-15 12:00:00,Wednesday,54,32,22
2015-07-15 13:00:00,Wednesday,53,22,31
2015-07-15 14:00:00,Wednesday,52,30,22
2015-07-15 15:00:00,Wednesday,48,35,13
2015-07-15 16:00:00,Wednesday,122,95,27
2015-07-15 17:00:00,Wednesday,249,215,34
2015-07-15 18:00:00,Wednesday,237,200,37
2015-07-15 19:00:00,Wednesday,131,116,15
2015-07-15 20:00:00,Wednesday,65,53,12
2015-07-15 21:00:00,Wednesday,45,37,8
2015-07-15 22:00:00,Wednesday,28,21,7
2015-07-15 23:00:00,Wednesday,21,16,5
2015-07-16 00:00:00,Thursday,11,9,2
2015-07-16 01:00:00,Thursday,2,2,0
2015-07-16 02:00:00,Thursday,1,1,0
2015-07-16 03:00:00,Thursday,0,0,0
2015-07-16 04:00:00,Thursday,4,3,1
2015-07-16 05:00:00,Thursday,9,0,9
2015-07-16 06:00:00,Thursday,43,4,39
2015-07-16 07:00:00,Thursday,143,29,114
2015-07-16 08:00:00,Thursday,293,38,255
2015-07-16 09:00:00,Thursday,169,36,133
2015-07-16 10:00:00,Thursday,91,28,63
2015-07-16 11:00:00,Thursday,58,27,31
2015-07-16 12:00:00,Thursday,66,28,38
2015-07-16 13:00:00,Thursday,67,36,31
2015-07-16 14:00:00,Thursday,61,30,31
2015-07-16 15:00:00,Thursday,70,45,25
2015-07-16 16:00:00,Thursday,143,107,36
2015-07-16 17:00:00,Thursday,277,228,49
2015-07-16 18:00:00,Thursday,251,198,53
2015-07-16 19:00:00,Thursday,146,113,33
2015-07-16 20:00:00,Thursday,113,94,19
2015-07-16 21:00:00,Thursday,71,57,14
2015-07-16 22:00:00,Thursday,36,33,3
2015-07-16 23:00:00,Thursday,30,27,3
2015-07-17 00:00:00,Friday,10,8,2
2015-07-17 01:00:00,Friday,6,5,1
2015-07-17 02:00:00,Friday,2,1,1
2015-07-17 03:00:00,Friday,0,0,0
2015-07-17 04:00:00,Friday,2,2,0
2015-07-17 05:00:00,Friday,6,1,5
2015-07-17 06:00:00,Friday,40,6,34
2015-07-17 07:00:00,Friday,129,20,109
2015-07-17 08:00:00,Friday,273,50,223
2015-07-17 09:00:00,Friday,154,32,122
2015-07-17 10:00:00,Friday,96,30,66
2015-07-17 11:00:00,Friday,41,16,25
2015-07-17 12:00:00,Friday,75,32,43
2015-07-17 13:00:00,Friday,62,32,30
2015-07-17 14:00:00,Friday,61,41,20
2015-07-17 15:00:00,Friday,98,74,24
2015-07-17 16:00:00,Friday,133,101,32
2015-07-17 17:00:00,Friday,251,208,43
2015-07-17 18:00:00,Friday,189,144,45
2015-07-17 19:00:00,Friday,120,94,26
2015-07-17 20:00:00,Friday,64,47,17
2015-07-17 21:00:00,Friday,29,22,7
2015-07-17 22:00:00,Friday,43,36,7
2015-07-17 23:00:00,Friday,31,23,8
2015-07-18 00:00:00,Saturday,20,18,2
2015-07-18 01:00:00,Saturday,8,7,1
2015-07-18 02:00:00,Saturday,3,3,0
2015-07-18 03:00:00,Saturday,3,2,1
2015-07-18 04:00:00,Saturday,2,2,0
2015-07-18 05:00:00,Saturday,2,0,2
2015-07-18 06:00:00,Saturday,8,4,4
2015-07-18 07:00:00,Saturday,5,2,3
2015-07-18 08:00:00,Saturday,16,3,13
2015-07-18 09:00:00,Saturday,20,5,15
2015-07-18 10:00:00,Saturday,22,15,7
2015-07-18 11:00:00,Saturday,34,10,24
2015-07-18 12:00:00,Saturday,36,15,21
2015-07-18 13:00:00,Saturday,29,11,18
2015-07-18 14:00:00,Saturday,42,20,22
2015-07-18 15:00:00,Saturday,44,18,26
2015-07-18 16:00:00,Saturday,52,22,30
2015-07-18 17:00:00,Saturday,53,27,26
2015-07-18 18:00:00,Saturday,43,21,22
2015-07-18 19:00:00,Saturday,48,28,20
2015-07-18 20:00:00,Saturday,25,17,8
2015-07-18 21:00:00,Saturday,32,26,6
2015-07-18 22:00:00,Saturday,28,21,7
2015-07-18 23:00:00,Saturday,17,16,1
2015-07-19 00:00:00,Sunday,10,9,1
2015-07-19 01:00:00,Sunday,6,4,2
2015-07-19 02:00:00,Sunday,4,3,1
2015-07-19 03:00:00,Sunday,3,2,1
2015-07-19 04:00:00,Sunday,0,0,0
2015-07-19 05:00:00,Sunday,1,0,1
2015-07-19 06:00:00,Sunday,10,4,6
2015-07-19 07:00:00,Sunday,13,4,9
2015-07-19 08:00:00,Sunday,18,4,14
2015-07-19 09:00:00,Sunday,50,16,34
2015-07-19 10:00:00,Sunday,45,19,26
2015-07-19 11:00:00,Sunday,35,19,16
2015-07-19 12:00:00,Sunday,46,18,28
2015-07-19 13:00:00,Sunday,51,17,34
2015-07-19 14:00:00,Sunday,40,21,19
2015-07-19 15:00:00,Sunday,73,36,37
2015-07-19 16:00:00,Sunday,56,34,22
2015-07-19 17:00:00,Sunday,50,30,20
2015-07-19 18:00:00,Sunday,60,44,16
2015-07-19 19:00:00,Sunday,45,31,14
2015-07-19 20:00:00,Sunday,29,24,5
2015-07-19 21:00:00,Sunday,19,14,5
2015-07-19 22:00:00,Sunday,18,15,3
2015-07-19 23:00:00,Sunday,9,7,2
2015-07-20 00:00:00,Monday,4,4,0
2015-07-20 01:00:00,Monday,1,1,0
2015-07-20 02:00:00,Monday,0,0,0
2015-07-20 03:00:00,Monday,0,0,0
2015-07-20 04:00:00,Monday,1,0,1
2015-07-20 05:00:00,Monday,8,1,7
2015-07-20 06:00:00,Monday,41,4,37
2015-07-20 07:00:00,Monday,118,18,100
2015-07-20 08:00:00,Monday,293,43,250
2015-07-20 09:00:00,Monday,182,28,154
2015-07-20 10:00:00,Monday,57,7,50
2015-07-20 11:00:00,Monday,45,12,33
2015-07-20 12:00:00,Monday,43,19,24
2015-07-20 13:00:00,Monday,34,16,18
2015-07-20 14:00:00,Monday,37,24,13
2015-07-20 15:00:00,Monday,52,36,16
2015-07-20 16:00:00,Monday,100,79,21
2015-07-20 17:00:00,Monday,273,233,40
2015-07-20 18:00:00,Monday,245,210,35
2015-07-20 19:00:00,Monday,136,117,19
2015-07-20 20:00:00,Monday,82,71,11
2015-07-20 21:00:00,Monday,37,25,12
2015-07-20 22:00:00,Monday,28,23,5
2015-07-20 23:00:00,Monday,27,20,7
2015-07-21 00:00:00,Tuesday,4,3,1
2015-07-21 01:00:00,Tuesday,3,2,1
2015-07-21 02:00:00,Tuesday,0,0,0
2015-07-21 03:00:00,Tuesday,1,1,0
2015-07-21 04:00:00,Tuesday,1,1,0
2015-07-21 05:00:00,Tuesday,8,1,7
2015-07-21 06:00:00,Tuesday,49,6,43
2015-07-21 07:00:00,Tuesday,146,22,124
2015-07-21 08:00:00,Tuesday,285,44,241
2015-07-21 09:00:00,Tuesday,211,39,172
2015-07-21 10:00:00,Tuesday,73,27,46
2015-07-21 11:00:00,Tuesday,51,13,38
2015-07-21 12:00:00,Tuesday,59,29,30
2015-07-21 13:00:00,Tuesday,48,25,23
2015-07-21 14:00:00,Tuesday,43,30,13
2015-07-21 15:00:00,Tuesday,71,48,23
2015-07-21 16:00:00,Tuesday,127,94,33
2015-07-21 17:00:00,Tuesday,262,225,37
2015-07-21 18:00:00,Tuesday,263,219,44
2015-07-21 19:00:00,Tuesday,167,133,34
2015-07-21 20:00:00,Tuesday,84,68,16
2015-07-21 21:00:00,Tuesday,57,42,15
2015-07-21 22:00:00,Tuesday,49,42,7
2015-07-21 23:00:00,Tuesday,24,19,5
2015-07-22 00:00:00,Wednesday,10,6,4
2015-07-22 01:00:00,Wednesday,8,6,2
2015-07-22 02:00:00,Wednesday,1,1,0
2015-07-22 03:00:00,Wednesday,0,0,0
2015-07-22 04:00:00,Wednesday,1,0,1
2015-07-22 05:00:00,Wednesday,9,0,9
2015-07-22 06:00:00,Wednesday,52,4,48
2015-07-22 07:00:00,Wednesday,146,19,127
2015-07-22 08:00:00,Wednesday,328,49,279
2015-07-22 09:00:00,Wednesday,216,37,179
2015-07-22 10:00:00,Wednesday,75,19,56
2015-07-22 11:00:00,Wednesday,51,17,34
2015-07-22 12:00:00,Wednesday,60,28,32
2015-07-22 13:00:00,Wednesday,49,22,27
2015-07-22 14:00:00,Wednesday,57,34,23
2015-07-22 15:00:00,Wednesday,75,56,19
2015-07-22 16:00:00,Wednesday,130,99,31
2015-07-22 17:00:00,Wednesday,318,255,63
2015-07-22 18:00:00,Wednesday,281,236,45
2015-07-22 19:00:00,Wednesday,158,126,32
2015-07-22 20:00:00,Wednesday,85,69,16
2015-07-22 21:00:00,Wednesday,61,54,7
2015-07-22 22:00:00,Wednesday,46,34,12
2015-07-22 23:00:00,Wednesday,36,31,5
2015-07-23 00:00:00,Thursday,10,7,3
2015-07-23 01:00:00,Thursday,5,4,1
2015-07-23 02:00:00,Thursday,3,2,1
2015-07-23 03:00:00,Thursday,0,0,0
2015-07-23 04:00:00,Thursday,3,3,0
2015-07-23 05:00:00,Thursday,12,1,11
2015-07-23 06:00:00,Thursday,43,5,38
2015-07-23 07:00:00,Thursday,140,24,116
2015-07-23 08:00:00,Thursday,314,48,266
2015-07-23 09:00:00,Thursday,184,33,151
2015-07-23 10:00:00,Thursday,78,19,59
2015-07-23 11:00:00,Thursday,59,22,37
2015-07-23 12:00:00,Thursday,68,34,34
2015-07-23 13:00:00,Thursday,48,25,23
2015-07-23 14:00:00,Thursday,54,31,23
2015-07-23 15:00:00,Thursday,81,61,20
2015-07-23 16:00:00,Thursday,146,115,31
2015-07-23 17:00:00,Thursday,264,205,59
2015-07-23 18:00:00,Thursday,245,196,49
2015-07-23 19:00:00,Thursday,155,125,30
2015-07-23 20:00:00,Thursday,92,69,23
2015-07-23 21:00:00,Thursday,60,51,9
2015-07-23 22:00:00,Thursday,46,39,7
2015-07-23 23:00:00,Thursday,35,28,7
2015-07-24 00:00:00,Friday,17,11,6
2015-07-24 01:00:00,Friday,11,6,5
2015-07-24 02:00:00,Friday,2,1,1
2015-07-24 03:00:00,Friday,1,1,0
2015-07-24 04:00:00,Friday,1,0,1
2015-07-24 05:00:00,Friday,10,1,9
2015-07-24 06:00:00,Friday,40,6,34
2015-07-24 07:00:00,Friday,116,21,95
2015-07-24 08:00:00,Friday,261,52,209
2015-07-24 09:00:00,Friday,187,33,154
2015-07-24 10:00:00,Friday,71,21,50
2015-07-24 11:00:00,Friday,50,22,28
2015-07-24 12:00:00,Friday,78,40,38
2015-07-24 13:00:00,Friday,78,51,27
2015-07-24 14:00:00,Friday,72,43,29
2015-07-24 15:00:00,Friday,97,75,22
2015-07-24 16:00:00,Friday,129,103,26
2015-07-24 17:00:00,Friday,200,168,32
2015-07-24 18:00:00,Friday,179,139,40
2015-07-24 19:00:00,Friday,104,71,33
2015-07-24 20:00:00,Friday,43,28,15
2015-07-24 21:00:00,Friday,32,30,2
2015-07-24 22:00:00,Friday,35,29,6
2015-07-24 23:00:00,Friday,22,19,3
2015-07-25 00:00:00,Saturday,16,13,3
2015-07-25 01:00:00,Saturday,14,10,4
2015-07-25 02:00:00,Saturday,3,3,0
2015-07-25 03:00:00,Saturday,3,3,0
2015-07-25 04:00:00,Saturday,1,1,0
2015-07-25 05:00:00,Saturday,5,0,5
2015-07-25 06:00:00,Saturday,7,0,7
2015-07-25 07:00:00,Saturday,15,4,11
2015-07-25 08:00:00,Saturday,17,5,12
2015-07-25 09:00:00,Saturday,39,9,30
2015-07-25 10:00:00,Saturday,39,17,22
2015-07-25 11:00:00,Saturday,59,26,33
2015-07-25 12:00:00,Saturday,55,27,28
2015-07-25 13:00:00,Saturday,61,31,30
2015-07-25 14:00:00,Saturday,56,24,32
2015-07-25 15:00:00,Saturday,52,31,21
2015-07-25 16:00:00,Saturday,75,45,30
2015-07-25 17:00:00,Saturday,63,44,19
2015-07-25 18:00:00,Saturday,63,35,28
2015-07-25 19:00:00,Saturday,57,34,23
2015-07-25 20:00:00,Saturday,33,20,13
2015-07-25 21:00:00,Saturday,36,27,9
2015-07-25 22:00:00,Saturday,23,13,10
2015-07-25 23:00:00,Saturday,24,20,4
2015-07-26 00:00:00,Sunday,10,8,2
2015-07-26 01:00:00,Sunday,6,5,1
2015-07-26 02:00:00,Sunday,4,3,1
2015-07-26 03:00:00,Sunday,1,1,0
2015-07-26 04:00:00,Sunday,2,2,0
2015-07-26 05:00:00,Sunday,0,0,0
2015-07-26 06:00:00,Sunday,2,0,2
2015-07-26 07:00:00,Sunday,5,2,3
2015-07-26 08:00:00,Sunday,17,5,12
2015-07-26 09:00:00,Sunday,23,7,16
2015-07-26 10:00:00,Sunday,28,12,16
2015-07-26 11:00:00,Sunday,37,16,21
2015-07-26 12:00:00,Sunday,45,21,24
2015-07-26 13:00:00,Sunday,39,23,16
2015-07-26 14:00:00,Sunday,38,20,18
2015-07-26 15:00:00,Sunday,55,28,27
2015-07-26 16:00:00,Sunday,40,20,20
2015-07-26 17:00:00,Sunday,50,28,22
2015-07-26 18:00:00,Sunday,32,22,10
2015-07-26 19:00:00,Sunday,26,16,10
2015-07-26 20:00:00,Sunday,24,19,5
2015-07-26 21:00:00,Sunday,14,11,3
2015-07-26 22:00:00,Sunday,15,10,5
2015-07-26 23:00:00,Sunday,6,5,1
2015-07-27 00:00:00,Monday,2,2,0
2015-07-27 01:00:00,Monday,1,0,1
2015-07-27 02:00:00,Monday,1,1,0
2015-07-27 03:00:00,Monday,0,0,0
2015-07-27 04:00:00,Monday,3,2,1
2015-07-27 05:00:00,Monday,2,0,2
2015-07-27 06:00:00,Monday,43,6,37
2015-07-27 07:00:00,Monday,123,17,106
2015-07-27 08:00:00,Monday,268,35,233
2015-07-27 09:00:00,Monday,156,25,131
2015-07-27 10:00:00,Monday,73,20,53
2015-07-27 11:00:00,Monday,37,14,23
2015-07-27 12:00:00,Monday,55,28,27
2015-07-27 13:00:00,Monday,45,26,19
2015-07-27 14:00:00,Monday,38,22,16
2015-07-27 15:00:00,Monday,59,45,14
2015-07-27 16:00:00,Monday,109,83,26
2015-07-27 17:00:00,Monday,204,189,15
2015-07-27 18:00:00,Monday,218,193,25
2015-07-27 19:00:00,Monday,105,82,23
2015-07-27 20:00:00,Monday,57,49,8
2015-07-27 21:00:00,Monday,37,29,8
2015-07-27 22:00:00,Monday,18,14,4
2015-07-27 23:00:00,Monday,16,12,4
2015-07-28 00:00:00,Tuesday,4,2,2
2015-07-28 01:00:00,Tuesday,8,6,2
2015-07-28 02:00:00,Tuesday,1,0,1
2015-07-28 03:00:00,Tuesday,1,1,0
2015-07-28 04:00:00,Tuesday,1,1,0
2015-07-28 05:00:00,Tuesday,6,1,5
2015-07-28 06:00:00,Tuesday,36,3,33
2015-07-28 07:00:00,Tuesday,142,21,121
2015-07-28 08:00:00,Tuesday,299,52,247
2015-07-28 09:00:00,Tuesday,175,26,149
2015-07-28 10:00:00,Tuesday,71,16,55
2015-07-28 11:00:00,Tuesday,64,30,34
2015-07-28 12:00:00,Tuesday,56,30,26
2015-07-28 13:00:00,Tuesday,52,31,21
2015-07-28 14:00:00,Tuesday,65,35,30
2015-07-28 15:00:00,Tuesday,72,49,23
2015-07-28 16:00:00,Tuesday,106,71,35
2015-07-28 17:00:00,Tuesday,273,231,42
2015-07-28 18:00:00,Tuesday,258,223,35
2015-07-28 19:00:00,Tuesday,148,115,33
2015-07-28 20:00:00,Tuesday,89,69,20
2015-07-28 21:00:00,Tuesday,35,31,4
2015-07-28 22:00:00,Tuesday,39,32,7
2015-07-28 23:00:00,Tuesday,27,20,7
2015-07-29 00:00:00,Wednesday,6,5,1
2015-07-29 01:00:00,Wednesday,5,3,2
2015-07-29 02:00:00,Wednesday,2,1,1
2015-07-29 03:00:00,Wednesday,2,0,2
2015-07-29 04:00:00,Wednesday,2,1,1
2015-07-29 05:00:00,Wednesday,9,1,8
2015-07-29 06:00:00,Wednesday,53,6,47
2015-07-29 07:00:00,Wednesday,146,17,129
2015-07-29 08:00:00,Wednesday,308,48,260
2015-07-29 09:00:00,Wednesday,184,30,154
2015-07-29 10:00:00,Wednesday,81,21,60
2015-07-29 11:00:00,Wednesday,46,18,28
2015-07-29 12:00:00,Wednesday,61,32,29
2015-07-29 13:00:00,Wednesday,51,26,25
2015-07-29 14:00:00,Wednesday,56,33,23
2015-07-29 15:00:00,Wednesday,74,47,27
2015-07-29 16:00:00,Wednesday,116,78,38
2015-07-29 17:00:00,Wednesday,290,236,54
2015-07-29 18:00:00,Wednesday,235,192,43
2015-07-29 19:00:00,Wednesday,147,119,28
2015-07-29 20:00:00,Wednesday,90,75,15
2015-07-29 21:00:00,Wednesday,50,42,8
2015-07-29 22:00:00,Wednesday,44,38,6
2015-07-29 23:00:00,Wednesday,39,34,5
2015-07-30 00:00:00,Thursday,17,10,7
2015-07-30 01:00:00,Thursday,7,6,1
2015-07-30 02:00:00,Thursday,3,1,2
2015-07-30 03:00:00,Thursday,0,0,0
2015-07-30 04:00:00,Thursday,3,1,2
2015-07-30 05:00:00,Thursday,11,2,9
2015-07-30 06:00:00,Thursday,34,3,31
2015-07-30 07:00:00,Thursday,136,27,109
2015-07-30 08:00:00,Thursday,265,37,228
2015-07-30 09:00:00,Thursday,187,29,158
2015-07-30 10:00:00,Thursday,78,22,56
2015-07-30 11:00:00,Thursday,63,28,35
2015-07-30 12:00:00,Thursday,45,23,22
2015-07-30 13:00:00,Thursday,66,38,28
2015-07-30 14:00:00,Thursday,42,24,18
2015-07-30 15:00:00,Thursday,61,42,19
2015-07-30 16:00:00,Thursday,122,90,32
2015-07-30 17:00:00,Thursday,259,220,39
2015-07-30 18:00:00,Thursday,186,155,31
2015-07-30 19:00:00,Thursday,95,78,17
2015-07-30 20:00:00,Thursday,77,61,16
2015-07-30 21:00:00,Thursday,33,26,7
2015-07-30 22:00:00,Thursday,33,27,6
2015-07-30 23:00:00,Thursday,27,24,3
2015-07-31 00:00:00,Friday,13,10,3
2015-07-31 01:00:00,Friday,4,3,1
2015-07-31 02:00:00,Friday,8,6,2
2015-07-31 03:00:00,Friday,1,1,0
2015-07-31 04:00:00,Friday,2,2,0
2015-07-31 05:00:00,Friday,7,2,5
2015-07-31 06:00:00,Friday,19,5,14
2015-07-31 07:00:00,Friday,102,16,86
2015-07-31 08:00:00,Friday,243,39,204
2015-07-31 09:00:00,Friday,169,34,135
2015-07-31 10:00:00,Friday,78,23,55
2015-07-31 11:00:00,Friday,69,34,35
2015-07-31 12:00:00,Friday,47,16,31
2015-07-31 13:00:00,Friday,58,30,28
2015-07-31 14:00:00,Friday,76,43,33
2015-07-31 15:00:00,Friday,101,67,34
2015-07-31 16:00:00,Friday,135,103,32
2015-07-31 17:00:00,Friday,208,176,32
2015-07-31 18:00:00,Friday,177,140,37
2015-07-31 19:00:00,Friday,116,78,38
2015-07-31 20:00:00,Friday,54,38,16
2015-07-31 21:00:00,Friday,35,28,7
2015-07-31 22:00:00,Friday,41,34,7
2015-07-31 23:00:00,Friday,41,35,6
2015-08-01 00:00:00,Saturday,15,15,0
2015-08-01 01:00:00,Saturday,14,10,4
2015-08-01 02:00:00,Saturday,8,6,2
2015-08-01 03:00:00,Saturday,2,2,0
2015-08-01 04:00:00,Saturday,0,0,0
2015-08-01 05:00:00,Saturday,4,1,3
2015-08-01 06:00:00,Saturday,6,1,5
2015-08-01 07:00:00,Saturday,12,3,9
2015-08-01 08:00:00,Saturday,20,6,14
2015-08-01 09:00:00,Saturday,37,8,29
2015-08-01 10:00:00,Saturday,42,16,26
2015-08-01 11:00:00,Saturday,45,21,24
2015-08-01 12:00:00,Saturday,57,18,39
2015-08-01 13:00:00,Saturday,53,25,28
2015-08-01 14:00:00,Saturday,62,23,39
2015-08-01 15:00:00,Saturday,58,37,21
2015-08-01 16:00:00,Saturday,41,23,18
2015-08-01 17:00:00,Saturday,37,29,8
2015-08-01 18:00:00,Saturday,48,29,19
2015-08-01 19:00:00,Saturday,36,22,14
2015-08-01 20:00:00,Saturday,24,19,5
2015-08-01 21:00:00,Saturday,32,22,10
2015-08-01 22:00:00,Saturday,19,15,4
2015-08-01 23:00:00,Saturday,23,21,2
2015-08-02 00:00:00,Sunday,10,7,3
2015-08-02 01:00:00,Sunday,5,5,0
2015-08-02 02:00:00,Sunday,3,3,0
2015-08-02 03:00:00,Sunday,6,4,2
2015-08-02 04:00:00,Sunday,0,0,0
2015-08-02 05:00:00,Sunday,2,0,2
2015-08-02 06:00:00,Sunday,4,0,4
2015-08-02 07:00:00,Sunday,19,4,15
2015-08-02 08:00:00,Sunday,18,8,10
2015-08-02 09:00:00,Sunday,44,21,23
2015-08-02 10:00:00,Sunday,49,15,34
2015-08-02 11:00:00,Sunday,52,26,26
2015-08-02 12:00:00,Sunday,51,15,36
2015-08-02 13:00:00,Sunday,68,38,30
2015-08-02 14:00:00,Sunday,55,30,25
2015-08-02 15:00:00,Sunday,90,44,46
2015-08-02 16:00:00,Sunday,67,36,31
2015-08-02 17:00:00,Sunday,65,41,24
2015-08-02 18:00:00,Sunday,57,39,18
2015-08-02 19:00:00,Sunday,47,32,15
2015-08-02 20:00:00,Sunday,38,31,7
2015-08-02 21:00:00,Sunday,34,27,7
2015-08-02 22:00:00,Sunday,24,19,5
2015-08-02 23:00:00,Sunday,7,7,0
2015-08-03 00:00:00,Monday,NaN,NaN,NaN
2015-08-03 01:00:00,Monday,NaN,NaN,NaN
2015-08-03 02:00:00,Monday,3,2,1
2015-08-03 03:00:00,Monday,1,1,0
2015-08-03 04:00:00,Monday,1,1,0
2015-08-03 05:00:00,Monday,10,0,10
2015-08-03 06:00:00,Monday,41,4,37
2015-08-03 07:00:00,Monday,115,13,102
2015-08-03 08:00:00,Monday,297,51,246
2015-08-03 09:00:00,Monday,179,23,156
2015-08-03 10:00:00,Monday,75,17,58
2015-08-03 11:00:00,Monday,59,26,33
2015-08-03 12:00:00,Monday,51,19,32
2015-08-03 13:00:00,Monday,49,27,22
2015-08-03 14:00:00,Monday,62,35,27
2015-08-03 15:00:00,Monday,62,53,9
2015-08-03 16:00:00,Monday,100,75,25
2015-08-03 17:00:00,Monday,279,244,35
2015-08-03 18:00:00,Monday,247,211,36
2015-08-03 19:00:00,Monday,132,111,21
2015-08-03 20:00:00,Monday,83,66,17
2015-08-03 21:00:00,Monday,42,31,11
2015-08-03 22:00:00,Monday,30,24,6
2015-08-03 23:00:00,Monday,17,16,1
2015-08-04 00:00:00,Tuesday,3,1,2
2015-08-04 01:00:00,Tuesday,1,1,0
2015-08-04 02:00:00,Tuesday,1,0,1
2015-08-04 03:00:00,Tuesday,0,0,0
2015-08-04 04:00:00,Tuesday,0,0,0
2015-08-04 05:00:00,Tuesday,6,0,6
2015-08-04 06:00:00,Tuesday,53,8,45
2015-08-04 07:00:00,Tuesday,101,15,86
2015-08-04 08:00:00,Tuesday,192,35,157
2015-08-04 09:00:00,Tuesday,168,20,148
2015-08-04 10:00:00,Tuesday,77,15,62
2015-08-04 11:00:00,Tuesday,47,23,24
2015-08-04 12:00:00,Tuesday,44,19,25
2015-08-04 13:00:00,Tuesday,47,25,22
2015-08-04 14:00:00,Tuesday,44,25,19
2015-08-04 15:00:00,Tuesday,49,37,12
2015-08-04 16:00:00,Tuesday,70,49,21
2015-08-04 17:00:00,Tuesday,199,177,22
2015-08-04 18:00:00,Tuesday,172,143,29
2015-08-04 19:00:00,Tuesday,130,101,29
2015-08-04 20:00:00,Tuesday,72,54,18
2015-08-04 21:00:00,Tuesday,47,38,9
2015-08-04 22:00:00,Tuesday,16,14,2
2015-08-04 23:00:00,Tuesday,30,26,4
2015-08-05 00:00:00,Wednesday,6,5,1
2015-08-05 01:00:00,Wednesday,5,1,4
2015-08-05 02:00:00,Wednesday,4,2,2
2015-08-05 03:00:00,Wednesday,0,0,0
2015-08-05 04:00:00,Wednesday,2,1,1
2015-08-05 05:00:00,Wednesday,8,1,7
2015-08-05 06:00:00,Wednesday,46,9,37
2015-08-05 07:00:00,Wednesday,133,24,109
2015-08-05 08:00:00,Wednesday,312,52,260
2015-08-05 09:00:00,Wednesday,186,32,154
2015-08-05 10:00:00,Wednesday,94,32,62
2015-08-05 11:00:00,Wednesday,65,24,41
2015-08-05 12:00:00,Wednesday,52,28,24
2015-08-05 13:00:00,Wednesday,42,18,24
2015-08-05 14:00:00,Wednesday,68,43,25
2015-08-05 15:00:00,Wednesday,48,34,14
2015-08-05 16:00:00,Wednesday,126,90,36
2015-08-05 17:00:00,Wednesday,303,245,58
2015-08-05 18:00:00,Wednesday,286,217,69
2015-08-05 19:00:00,Wednesday,182,135,47
2015-08-05 20:00:00,Wednesday,94,75,19
2015-08-05 21:00:00,Wednesday,76,68,8
2015-08-05 22:00:00,Wednesday,49,40,9
2015-08-05 23:00:00,Wednesday,34,30,4
2015-08-06 00:00:00,Thursday,9,6,3
2015-08-06 01:00:00,Thursday,6,3,3
2015-08-06 02:00:00,Thursday,3,1,2
2015-08-06 03:00:00,Thursday,1,1,0
2015-08-06 04:00:00,Thursday,4,0,4
2015-08-06 05:00:00,Thursday,9,3,6
2015-08-06 06:00:00,Thursday,37,5,32
2015-08-06 07:00:00,Thursday,142,24,118
2015-08-06 08:00:00,Thursday,331,51,280
2015-08-06 09:00:00,Thursday,193,36,157
2015-08-06 10:00:00,Thursday,90,27,63
2015-08-06 11:00:00,Thursday,70,34,36
2015-08-06 12:00:00,Thursday,80,41,39
2015-08-06 13:00:00,Thursday,66,36,30
2015-08-06 14:00:00,Thursday,44,30,14
2015-08-06 15:00:00,Thursday,66,38,28
2015-08-06 16:00:00,Thursday,140,108,32
2015-08-06 17:00:00,Thursday,280,227,53
2015-08-06 18:00:00,Thursday,237,198,39
2015-08-06 19:00:00,Thursday,145,109,36
2015-08-06 20:00:00,Thursday,77,64,13
2015-08-06 21:00:00,Thursday,67,51,16
2015-08-06 22:00:00,Thursday,33,25,8
2015-08-06 23:00:00,Thursday,42,38,4
2015-08-07 00:00:00,Friday,10,10,0
2015-08-07 01:00:00,Friday,7,7,0
2015-08-07 02:00:00,Friday,5,2,3
2015-08-07 03:00:00,Friday,2,1,1
2015-08-07 04:00:00,Friday,2,0,2
2015-08-07 05:00:00,Friday,11,2,9
2015-08-07 06:00:00,Friday,36,6,30
2015-08-07 07:00:00,Friday,122,20,102
2015-08-07 08:00:00,Friday,285,47,238
2015-08-07 09:00:00,Friday,184,40,144
2015-08-07 10:00:00,Friday,73,29,44
2015-08-07 11:00:00,Friday,83,25,58
2015-08-07 12:00:00,Friday,66,36,30
2015-08-07 13:00:00,Friday,82,48,34
2015-08-07 14:00:00,Friday,75,51,24
2015-08-07 15:00:00,Friday,82,44,38
2015-08-07 16:00:00,Friday,159,119,40
2015-08-07 17:00:00,Friday,240,193,47
2015-08-07 18:00:00,Friday,190,151,39
2015-08-07 19:00:00,Friday,113,78,35
2015-08-07 20:00:00,Friday,54,39,15
2015-08-07 21:00:00,Friday,45,38,7
2015-08-07 22:00:00,Friday,32,25,7
2015-08-07 23:00:00,Friday,33,27,6
2015-08-08 00:00:00,Saturday,19,10,9
2015-08-08 01:00:00,Saturday,9,8,1
2015-08-08 02:00:00,Saturday,5,3,2
2015-08-08 03:00:00,Saturday,4,4,0
2015-08-08 04:00:00,Saturday,0,0,0
2015-08-08 05:00:00,Saturday,2,1,1
2015-08-08 06:00:00,Saturday,12,0,12
2015-08-08 07:00:00,Saturday,23,3,20
2015-08-08 08:00:00,Saturday,29,6,23
2015-08-08 09:00:00,Saturday,36,12,24
2015-08-08 10:00:00,Saturday,32,17,15
2015-08-08 11:00:00,Saturday,50,23,27
2015-08-08 12:00:00,Saturday,51,25,26
2015-08-08 13:00:00,Saturday,52,22,30
2015-08-08 14:00:00,Saturday,60,15,45
2015-08-08 15:00:00,Saturday,45,16,29
2015-08-08 16:00:00,Saturday,64,43,21
2015-08-08 17:00:00,Saturday,43,24,19
2015-08-08 18:00:00,Saturday,54,21,33
2015-08-08 19:00:00,Saturday,67,32,35
2015-08-08 20:00:00,Saturday,47,31,16
2015-08-08 21:00:00,Saturday,25,20,5
2015-08-08 22:00:00,Saturday,23,15,8
2015-08-08 23:00:00,Saturday,36,25,11
2015-08-09 00:00:00,Sunday,7,2,5
2015-08-09 01:00:00,Sunday,14,13,1
2015-08-09 02:00:00,Sunday,5,4,1
2015-08-09 03:00:00,Sunday,3,3,0
2015-08-09 04:00:00,Sunday,0,0,0
2015-08-09 05:00:00,Sunday,0,0,0
2015-08-09 06:00:00,Sunday,9,0,9
2015-08-09 07:00:00,Sunday,21,11,10
2015-08-09 08:00:00,Sunday,18,5,13
2015-08-09 09:00:00,Sunday,20,3,17
2015-08-09 10:00:00,Sunday,21,9,12
2015-08-09 11:00:00,Sunday,47,20,27
2015-08-09 12:00:00,Sunday,56,18,38
2015-08-09 13:00:00,Sunday,36,11,25
2015-08-09 14:00:00,Sunday,49,28,21
2015-08-09 15:00:00,Sunday,43,17,26
2015-08-09 16:00:00,Sunday,42,19,23
2015-08-09 17:00:00,Sunday,44,25,19
2015-08-09 18:00:00,Sunday,64,44,20
2015-08-09 19:00:00,Sunday,55,34,21
2015-08-09 20:00:00,Sunday,46,35,11
2015-08-09 21:00:00,Sunday,26,20,6
2015-08-09 22:00:00,Sunday,12,11,1
2015-08-09 23:00:00,Sunday,11,9,2
2015-08-10 00:00:00,Monday,2,1,1
2015-08-10 01:00:00,Monday,2,1,1
2015-08-10 02:00:00,Monday,3,2,1
2015-08-10 03:00:00,Monday,0,0,0
2015-08-10 04:00:00,Monday,2,1,1
2015-08-10 05:00:00,Monday,12,1,11
2015-08-10 06:00:00,Monday,37,6,31
2015-08-10 07:00:00,Monday,148,21,127
2015-08-10 08:00:00,Monday,315,49,266
2015-08-10 09:00:00,Monday,208,30,178
2015-08-10 10:00:00,Monday,84,28,56
2015-08-10 11:00:00,Monday,55,22,33
2015-08-10 12:00:00,Monday,43,17,26
2015-08-10 13:00:00,Monday,45,25,20
2015-08-10 14:00:00,Monday,51,24,27
2015-08-10 15:00:00,Monday,62,39,23
2015-08-10 16:00:00,Monday,128,98,30
2015-08-10 17:00:00,Monday,282,234,48
2015-08-10 18:00:00,Monday,272,231,41
2015-08-10 19:00:00,Monday,143,121,22
2015-08-10 20:00:00,Monday,81,69,12
2015-08-10 21:00:00,Monday,33,27,6
2015-08-10 22:00:00,Monday,21,16,5
2015-08-10 23:00:00,Monday,12,9,3
2015-08-11 00:00:00,Tuesday,7,6,1
2015-08-11 01:00:00,Tuesday,7,6,1
2015-08-11 02:00:00,Tuesday,0,0,0
2015-08-11 03:00:00,Tuesday,0,0,0
2015-08-11 04:00:00,Tuesday,4,1,3
2015-08-11 05:00:00,Tuesday,10,1,9
2015-08-11 06:00:00,Tuesday,44,5,39
2015-08-11 07:00:00,Tuesday,110,26,84
2015-08-11 08:00:00,Tuesday,209,28,181
2015-08-11 09:00:00,Tuesday,104,15,89
2015-08-11 10:00:00,Tuesday,25,7,18
2015-08-11 11:00:00,Tuesday,19,13,6
2015-08-11 12:00:00,Tuesday,11,5,6
2015-08-11 13:00:00,Tuesday,19,9,10
2015-08-11 14:00:00,Tuesday,15,7,8
2015-08-11 15:00:00,Tuesday,25,18,7
2015-08-11 16:00:00,Tuesday,72,43,29
2015-08-11 17:00:00,Tuesday,157,139,18
2015-08-11 18:00:00,Tuesday,145,127,18
2015-08-11 19:00:00,Tuesday,88,70,18
2015-08-11 20:00:00,Tuesday,39,33,6
2015-08-11 21:00:00,Tuesday,31,27,4
2015-08-11 22:00:00,Tuesday,17,17,0
2015-08-11 23:00:00,Tuesday,13,10,3
2015-08-12 00:00:00,Wednesday,1,1,0
2015-08-12 01:00:00,Wednesday,3,1,2
2015-08-12 02:00:00,Wednesday,1,0,1
2015-08-12 03:00:00,Wednesday,0,0,0
2015-08-12 04:00:00,Wednesday,4,1,3
2015-08-12 05:00:00,Wednesday,12,0,12
2015-08-12 06:00:00,Wednesday,45,4,41
2015-08-12 07:00:00,Wednesday,129,18,111
2015-08-12 08:00:00,Wednesday,313,40,273
2015-08-12 09:00:00,Wednesday,193,29,164
2015-08-12 10:00:00,Wednesday,84,23,61
2015-08-12 11:00:00,Wednesday,56,26,30
2015-08-12 12:00:00,Wednesday,55,30,25
2015-08-12 13:00:00,Wednesday,61,32,29
2015-08-12 14:00:00,Wednesday,69,42,27
2015-08-12 15:00:00,Wednesday,83,56,27
2015-08-12 16:00:00,Wednesday,97,70,27
2015-08-12 17:00:00,Wednesday,318,251,67
2015-08-12 18:00:00,Wednesday,242,191,51
2015-08-12 19:00:00,Wednesday,149,119,30
2015-08-12 20:00:00,Wednesday,97,73,24
2015-08-12 21:00:00,Wednesday,65,50,15
2015-08-12 22:00:00,Wednesday,32,26,6
2015-08-12 23:00:00,Wednesday,28,22,6
2015-08-13 00:00:00,Thursday,10,7,3
2015-08-13 01:00:00,Thursday,5,2,3
2015-08-13 02:00:00,Thursday,4,2,2
2015-08-13 03:00:00,Thursday,1,1,0
2015-08-13 04:00:00,Thursday,5,1,4
2015-08-13 05:00:00,Thursday,9,1,8
2015-08-13 06:00:00,Thursday,47,8,39
2015-08-13 07:00:00,Thursday,137,25,112
2015-08-13 08:00:00,Thursday,318,54,264
2015-08-13 09:00:00,Thursday,210,35,175
2015-08-13 10:00:00,Thursday,86,30,56
2015-08-13 11:00:00,Thursday,76,36,40
2015-08-13 12:00:00,Thursday,60,30,30
2015-08-13 13:00:00,Thursday,62,32,30
2015-08-13 14:00:00,Thursday,57,33,24
2015-08-13 15:00:00,Thursday,56,40,16
2015-08-13 16:00:00,Thursday,129,94,35
2015-08-13 17:00:00,Thursday,278,224,54
2015-08-13 18:00:00,Thursday,244,184,60
2015-08-13 19:00:00,Thursday,149,117,32
2015-08-13 20:00:00,Thursday,91,70,21
2015-08-13 21:00:00,Thursday,52,46,6
2015-08-13 22:00:00,Thursday,48,44,4
2015-08-13 23:00:00,Thursday,27,21,6
2015-08-14 00:00:00,Friday,12,9,3
2015-08-14 01:00:00,Friday,5,3,2
2015-08-14 02:00:00,Friday,6,5,1
2015-08-14 03:00:00,Friday,3,3,0
2015-08-14 04:00:00,Friday,4,2,2
2015-08-14 05:00:00,Friday,11,1,10
2015-08-14 06:00:00,Friday,36,5,31
2015-08-14 07:00:00,Friday,126,21,105
2015-08-14 08:00:00,Friday,286,46,240
2015-08-14 09:00:00,Friday,163,35,128
2015-08-14 10:00:00,Friday,102,32,70
2015-08-14 11:00:00,Friday,47,16,31
2015-08-14 12:00:00,Friday,77,40,37
2015-08-14 13:00:00,Friday,55,29,26
2015-08-14 14:00:00,Friday,63,38,25
2015-08-14 15:00:00,Friday,87,56,31
2015-08-14 16:00:00,Friday,137,98,39
2015-08-14 17:00:00,Friday,251,206,45
2015-08-14 18:00:00,Friday,170,139,31
2015-08-14 19:00:00,Friday,135,97,38
2015-08-14 20:00:00,Friday,43,30,13
2015-08-14 21:00:00,Friday,28,21,7
2015-08-14 22:00:00,Friday,40,34,6
2015-08-14 23:00:00,Friday,45,39,6
2015-08-15 00:00:00,Saturday,18,12,6
2015-08-15 01:00:00,Saturday,3,2,1
2015-08-15 02:00:00,Saturday,6,6,0
2015-08-15 03:00:00,Saturday,1,1,0
2015-08-15 04:00:00,Saturday,1,1,0
2015-08-15 05:00:00,Saturday,3,1,2
2015-08-15 06:00:00,Saturday,8,1,7
2015-08-15 07:00:00,Saturday,13,3,10
2015-08-15 08:00:00,Saturday,24,8,16
2015-08-15 09:00:00,Saturday,40,7,33
2015-08-15 10:00:00,Saturday,37,15,22
2015-08-15 11:00:00,Saturday,40,19,21
2015-08-15 12:00:00,Saturday,65,20,45
2015-08-15 13:00:00,Saturday,60,26,34
2015-08-15 14:00:00,Saturday,64,26,38
2015-08-15 15:00:00,Saturday,58,25,33
2015-08-15 16:00:00,Saturday,48,35,13
2015-08-15 17:00:00,Saturday,43,32,11
2015-08-15 18:00:00,Saturday,43,38,5
2015-08-15 19:00:00,Saturday,25,17,8
2015-08-15 20:00:00,Saturday,18,8,10
2015-08-15 21:00:00,Saturday,20,17,3
2015-08-15 22:00:00,Saturday,27,24,3
2015-08-15 23:00:00,Saturday,7,5,2
2015-08-16 00:00:00,Sunday,9,6,3
2015-08-16 01:00:00,Sunday,6,5,1
2015-08-16 02:00:00,Sunday,3,2,1
2015-08-16 03:00:00,Sunday,0,0,0
2015-08-16 04:00:00,Sunday,3,0,3
2015-08-16 05:00:00,Sunday,1,1,0
2015-08-16 06:00:00,Sunday,7,1,6
2015-08-16 07:00:00,Sunday,11,5,6
2015-08-16 08:00:00,Sunday,22,4,18
2015-08-16 09:00:00,Sunday,34,8,26
2015-08-16 10:00:00,Sunday,46,16,30
2015-08-16 11:00:00,Sunday,44,24,20
2015-08-16 12:00:00,Sunday,54,31,23
2015-08-16 13:00:00,Sunday,47,15,32
2015-08-16 14:00:00,Sunday,41,15,26
2015-08-16 15:00:00,Sunday,62,37,25
2015-08-16 16:00:00,Sunday,55,31,24
2015-08-16 17:00:00,Sunday,50,35,15
2015-08-16 18:00:00,Sunday,56,33,23
2015-08-16 19:00:00,Sunday,43,33,10
2015-08-16 20:00:00,Sunday,47,32,15
2015-08-16 21:00:00,Sunday,20,18,2
2015-08-16 22:00:00,Sunday,14,8,6
2015-08-16 23:00:00,Sunday,15,11,4
2015-08-17 00:00:00,Monday,3,1,2
2015-08-17 01:00:00,Monday,0,0,0
2015-08-17 02:00:00,Monday,4,3,1
2015-08-17 03:00:00,Monday,0,0,0
2015-08-17 04:00:00,Monday,2,0,2
2015-08-17 05:00:00,Monday,13,4,9
2015-08-17 06:00:00,Monday,39,9,30
2015-08-17 07:00:00,Monday,128,16,112
2015-08-17 08:00:00,Monday,302,48,254
2015-08-17 09:00:00,Monday,184,31,153
2015-08-17 10:00:00,Monday,80,20,60
2015-08-17 11:00:00,Monday,60,33,27
2015-08-17 12:00:00,Monday,51,22,29
2015-08-17 13:00:00,Monday,40,22,18
2015-08-17 14:00:00,Monday,28,22,6
2015-08-17 15:00:00,Monday,42,28,14
2015-08-17 16:00:00,Monday,106,81,25
2015-08-17 17:00:00,Monday,295,258,37
2015-08-17 18:00:00,Monday,221,195,26
2015-08-17 19:00:00,Monday,145,120,25
2015-08-17 20:00:00,Monday,63,51,12
2015-08-17 21:00:00,Monday,47,38,9
2015-08-17 22:00:00,Monday,24,19,5
2015-08-17 23:00:00,Monday,17,14,3
2015-08-18 00:00:00,Tuesday,12,10,2
2015-08-18 01:00:00,Tuesday,3,2,1
2015-08-18 02:00:00,Tuesday,4,3,1
2015-08-18 03:00:00,Tuesday,2,1,1
2015-08-18 04:00:00,Tuesday,2,1,1
2015-08-18 05:00:00,Tuesday,6,1,5
2015-08-18 06:00:00,Tuesday,54,9,45
2015-08-18 07:00:00,Tuesday,137,25,112
2015-08-18 08:00:00,Tuesday,279,43,236
2015-08-18 09:00:00,Tuesday,208,42,166
2015-08-18 10:00:00,Tuesday,83,28,55
2015-08-18 11:00:00,Tuesday,61,26,35
2015-08-18 12:00:00,Tuesday,51,21,30
2015-08-18 13:00:00,Tuesday,48,25,23
2015-08-18 14:00:00,Tuesday,50,31,19
2015-08-18 15:00:00,Tuesday,49,30,19
2015-08-18 16:00:00,Tuesday,122,89,33
2015-08-18 17:00:00,Tuesday,274,233,41
2015-08-18 18:00:00,Tuesday,236,203,33
2015-08-18 19:00:00,Tuesday,121,95,26
2015-08-18 20:00:00,Tuesday,77,64,13
2015-08-18 21:00:00,Tuesday,42,33,9
2015-08-18 22:00:00,Tuesday,31,23,8
2015-08-18 23:00:00,Tuesday,23,19,4
2015-08-19 00:00:00,Wednesday,13,11,2
2015-08-19 01:00:00,Wednesday,6,4,2
2015-08-19 02:00:00,Wednesday,1,0,1
2015-08-19 03:00:00,Wednesday,1,1,0
2015-08-19 04:00:00,Wednesday,3,2,1
2015-08-19 05:00:00,Wednesday,7,1,6
2015-08-19 06:00:00,Wednesday,48,8,40
2015-08-19 07:00:00,Wednesday,129,18,111
2015-08-19 08:00:00,Wednesday,295,52,243
2015-08-19 09:00:00,Wednesday,199,37,162
2015-08-19 10:00:00,Wednesday,75,26,49
2015-08-19 11:00:00,Wednesday,68,24,44
2015-08-19 12:00:00,Wednesday,58,25,33
2015-08-19 13:00:00,Wednesday,51,29,22
2015-08-19 14:00:00,Wednesday,56,32,24
2015-08-19 15:00:00,Wednesday,50,30,20
2015-08-19 16:00:00,Wednesday,116,86,30
2015-08-19 17:00:00,Wednesday,298,235,63
2015-08-19 18:00:00,Wednesday,224,178,46
2015-08-19 19:00:00,Wednesday,125,100,25
2015-08-19 20:00:00,Wednesday,82,75,7
2015-08-19 21:00:00,Wednesday,55,39,16
2015-08-19 22:00:00,Wednesday,39,32,7
2015-08-19 23:00:00,Wednesday,30,22,8
2015-08-20 00:00:00,Thursday,19,12,7
2015-08-20 01:00:00,Thursday,6,3,3
2015-08-20 02:00:00,Thursday,4,3,1
2015-08-20 03:00:00,Thursday,0,0,0
2015-08-20 04:00:00,Thursday,3,0,3
2015-08-20 05:00:00,Thursday,6,1,5
2015-08-20 06:00:00,Thursday,46,6,40
2015-08-20 07:00:00,Thursday,119,25,94
2015-08-20 08:00:00,Thursday,304,54,250
2015-08-20 09:00:00,Thursday,176,29,147
2015-08-20 10:00:00,Thursday,87,24,63
2015-08-20 11:00:00,Thursday,63,30,33
2015-08-20 12:00:00,Thursday,80,50,30
2015-08-20 13:00:00,Thursday,57,29,28
2015-08-20 14:00:00,Thursday,88,56,32
2015-08-20 15:00:00,Thursday,64,48,16
2015-08-20 16:00:00,Thursday,132,97,35
2015-08-20 17:00:00,Thursday,239,196,43
2015-08-20 18:00:00,Thursday,241,201,40
2015-08-20 19:00:00,Thursday,150,128,22
2015-08-20 20:00:00,Thursday,85,73,12
2015-08-20 21:00:00,Thursday,50,46,4
2015-08-20 22:00:00,Thursday,40,30,10
2015-08-20 23:00:00,Thursday,25,18,7
2015-08-21 00:00:00,Friday,14,9,5
2015-08-21 00:00:00,Friday,11,7,4
2015-08-21 02:00:00,Friday,6,5,1
2015-08-21 03:00:00,Friday,3,3,0
2015-08-21 04:00:00,Friday,0,0,0
2015-08-21 05:00:00,Friday,8,1,7
2015-08-21 06:00:00,Friday,30,6,24
2015-08-21 07:00:00,Friday,57,5,52
2015-08-21 08:00:00,Friday,108,12,96
2015-08-21 09:00:00,Friday,64,9,55
2015-08-21 10:00:00,Friday,41,16,25
2015-08-21 11:00:00,Friday,33,17,16
2015-08-21 12:00:00,Friday,35,16,19
2015-08-21 13:00:00,Friday,45,21,24
2015-08-21 14:00:00,Friday,30,16,14
2015-08-21 15:00:00,Friday,53,34,19
2015-08-21 16:00:00,Friday,79,59,20
2015-08-21 17:00:00,Friday,119,95,24
2015-08-21 18:00:00,Friday,106,75,31
2015-08-21 19:00:00,Friday,67,55,12
2015-08-21 20:00:00,Friday,27,23,4
2015-08-21 21:00:00,Friday,27,19,8
2015-08-21 22:00:00,Friday,23,17,6
2015-08-21 23:00:00,Friday,19,11,8
2015-08-22 00:00:00,Saturday,9,6,3
2015-08-22 01:00:00,Saturday,11,10,1
2015-08-22 02:00:00,Saturday,9,6,3
2015-08-22 03:00:00,Saturday,4,3,1
2015-08-22 04:00:00,Saturday,1,0,1
2015-08-22 05:00:00,Saturday,2,0,2
2015-08-22 06:00:00,Saturday,8,3,5
2015-08-22 07:00:00,Saturday,27,9,18
2015-08-22 08:00:00,Saturday,24,8,16
2015-08-22 09:00:00,Saturday,22,5,17
2015-08-22 10:00:00,Saturday,28,10,18
2015-08-22 11:00:00,Saturday,46,24,22
2015-08-22 12:00:00,Saturday,47,18,29
2015-08-22 13:00:00,Saturday,62,21,41
2015-08-22 14:00:00,Saturday,51,24,27
2015-08-22 15:00:00,Saturday,54,30,24
2015-08-22 16:00:00,Saturday,52,27,25
2015-08-22 17:00:00,Saturday,62,33,29
2015-08-22 18:00:00,Saturday,44,23,21
2015-08-22 19:00:00,Saturday,35,30,5
2015-08-22 20:00:00,Saturday,31,17,14
2015-08-22 21:00:00,Saturday,13,11,2
2015-08-22 22:00:00,Saturday,24,13,11
2015-08-22 23:00:00,Saturday,28,23,5
2015-08-23 00:00:00,Sunday,14,12,2
2015-08-23 01:00:00,Sunday,6,5,1
2015-08-23 02:00:00,Sunday,3,1,2
2015-08-23 03:00:00,Sunday,2,2,0
2015-08-23 04:00:00,Sunday,0,0,0
2015-08-23 05:00:00,Sunday,3,0,3
2015-08-23 06:00:00,Sunday,5,1,4
2015-08-23 07:00:00,Sunday,9,5,4
2015-08-23 08:00:00,Sunday,7,1,6
2015-08-23 09:00:00,Sunday,23,4,19
2015-08-23 10:00:00,Sunday,30,9,21
2015-08-23 11:00:00,Sunday,32,12,20
2015-08-23 12:00:00,Sunday,39,17,22
2015-08-23 13:00:00,Sunday,43,22,21
2015-08-23 14:00:00,Sunday,36,18,18
2015-08-23 15:00:00,Sunday,31,21,10
2015-08-23 16:00:00,Sunday,32,22,10
2015-08-23 17:00:00,Sunday,28,17,11
2015-08-23 18:00:00,Sunday,33,24,9
2015-08-23 19:00:00,Sunday,26,18,8
2015-08-23 20:00:00,Sunday,18,14,4
2015-08-23 21:00:00,Sunday,17,12,5
2015-08-23 22:00:00,Sunday,6,6,0
2015-08-23 23:00:00,Sunday,8,6,2
2015-08-24 00:00:00,Monday,4,2,2
2015-08-24 01:00:00,Monday,2,2,0
2015-08-24 02:00:00,Monday,1,0,1
2015-08-24 03:00:00,Monday,0,0,0
2015-08-24 04:00:00,Monday,1,0,1
2015-08-24 05:00:00,Monday,6,2,4
2015-08-24 06:00:00,Monday,48,8,40
2015-08-24 07:00:00,Monday,103,12,91
2015-08-24 08:00:00,Monday,262,44,218
2015-08-24 09:00:00,Monday,164,35,129
2015-08-24 10:00:00,Monday,79,25,54
2015-08-24 11:00:00,Monday,45,22,23
2015-08-24 12:00:00,Monday,54,26,28
2015-08-24 13:00:00,Monday,46,22,24
2015-08-24 14:00:00,Monday,40,27,13
2015-08-24 15:00:00,Monday,50,29,21
2015-08-24 16:00:00,Monday,108,77,31
2015-08-24 17:00:00,Monday,266,230,36
2015-08-24 18:00:00,Monday,216,187,29
2015-08-24 19:00:00,Monday,135,109,26
2015-08-24 20:00:00,Monday,72,61,11
2015-08-24 21:00:00,Monday,40,30,10
2015-08-24 22:00:00,Monday,21,18,3
2015-08-24 23:00:00,Monday,12,10,2
2015-08-25 00:00:00,Tuesday,10,5,5
2015-08-25 01:00:00,Tuesday,3,3,0
2015-08-25 02:00:00,Tuesday,3,0,3
2015-08-25 03:00:00,Tuesday,1,0,1
2015-08-25 04:00:00,Tuesday,3,1,2
2015-08-25 05:00:00,Tuesday,11,2,9
2015-08-25 06:00:00,Tuesday,43,5,38
2015-08-25 07:00:00,Tuesday,128,16,112
2015-08-25 08:00:00,Tuesday,284,49,235
2015-08-25 09:00:00,Tuesday,172,31,141
2015-08-25 10:00:00,Tuesday,85,23,62
2015-08-25 11:00:00,Tuesday,64,23,41
2015-08-25 12:00:00,Tuesday,68,30,38
2015-08-25 13:00:00,Tuesday,52,30,22
2015-08-25 14:00:00,Tuesday,55,35,20
2015-08-25 15:00:00,Tuesday,66,38,28
2015-08-25 16:00:00,Tuesday,93,64,29
2015-08-25 17:00:00,Tuesday,271,233,38
2015-08-25 18:00:00,Tuesday,231,193,38
2015-08-25 19:00:00,Tuesday,121,94,27
2015-08-25 20:00:00,Tuesday,57,43,14
2015-08-25 21:00:00,Tuesday,51,43,8
2015-08-25 22:00:00,Tuesday,36,33,3
2015-08-25 23:00:00,Tuesday,25,22,3
2015-08-26 00:00:00,Wednesday,5,4,1
2015-08-26 01:00:00,Wednesday,8,3,5
2015-08-26 02:00:00,Wednesday,3,1,2
2015-08-26 03:00:00,Wednesday,1,0,1
2015-08-26 04:00:00,Wednesday,2,1,1
2015-08-26 05:00:00,Wednesday,10,3,7
2015-08-26 06:00:00,Wednesday,48,5,43
2015-08-26 07:00:00,Wednesday,144,18,126
2015-08-26 08:00:00,Wednesday,296,47,249
2015-08-26 09:00:00,Wednesday,207,38,169
2015-08-26 10:00:00,Wednesday,89,24,65
2015-08-26 11:00:00,Wednesday,53,19,34
2015-08-26 12:00:00,Wednesday,57,27,30
2015-08-26 13:00:00,Wednesday,59,33,26
2015-08-26 14:00:00,Wednesday,65,37,28
2015-08-26 15:00:00,Wednesday,64,45,19
2015-08-26 16:00:00,Wednesday,115,85,30
2015-08-26 17:00:00,Wednesday,277,227,50
2015-08-26 18:00:00,Wednesday,249,194,55
2015-08-26 19:00:00,Wednesday,143,115,28
2015-08-26 20:00:00,Wednesday,87,68,19
2015-08-26 21:00:00,Wednesday,55,45,10
2015-08-26 22:00:00,Wednesday,31,26,5
2015-08-26 23:00:00,Wednesday,15,14,1
2015-08-27 00:00:00,Thursday,13,11,2
2015-08-27 01:00:00,Thursday,5,3,2
2015-08-27 02:00:00,Thursday,7,7,0
2015-08-27 03:00:00,Thursday,2,2,0
2015-08-27 04:00:00,Thursday,2,1,1
2015-08-27 05:00:00,Thursday,12,2,10
2015-08-27 06:00:00,Thursday,34,3,31
2015-08-27 07:00:00,Thursday,141,22,119
2015-08-27 08:00:00,Thursday,309,56,253
2015-08-27 09:00:00,Thursday,194,37,157
2015-08-27 10:00:00,Thursday,94,35,59
2015-08-27 11:00:00,Thursday,66,24,42
2015-08-27 12:00:00,Thursday,69,31,38
2015-08-27 13:00:00,Thursday,72,42,30
2015-08-27 14:00:00,Thursday,65,42,23
2015-08-27 15:00:00,Thursday,65,44,21
2015-08-27 16:00:00,Thursday,137,101,36
2015-08-27 17:00:00,Thursday,269,222,47
2015-08-27 18:00:00,Thursday,239,183,56
2015-08-27 19:00:00,Thursday,129,102,27
2015-08-27 20:00:00,Thursday,91,73,18
2015-08-27 21:00:00,Thursday,70,58,12
2015-08-27 22:00:00,Thursday,31,24,7
2015-08-27 23:00:00,Thursday,24,20,4
2015-08-28 00:00:00,Friday,11,9,2
2015-08-28 01:00:00,Friday,5,4,1
2015-08-28 02:00:00,Friday,2,1,1
2015-08-28 03:00:00,Friday,1,0,1
2015-08-28 04:00:00,Friday,3,1,2
2015-08-28 05:00:00,Friday,12,3,9
2015-08-28 06:00:00,Friday,41,9,32
2015-08-28 07:00:00,Friday,113,19,94
2015-08-28 08:00:00,Friday,277,45,232
2015-08-28 09:00:00,Friday,160,27,133
2015-08-28 10:00:00,Friday,91,30,61
2015-08-28 11:00:00,Friday,83,32,51
2015-08-28 12:00:00,Friday,81,41,40
2015-08-28 13:00:00,Friday,72,40,32
2015-08-28 14:00:00,Friday,76,43,33
2015-08-28 15:00:00,Friday,77,60,17
2015-08-28 16:00:00,Friday,144,110,34
2015-08-28 17:00:00,Friday,245,200,45
2015-08-28 18:00:00,Friday,167,130,37
2015-08-28 19:00:00,Friday,118,93,25
2015-08-28 20:00:00,Friday,72,58,14
2015-08-28 21:00:00,Friday,33,26,7
2015-08-28 22:00:00,Friday,47,38,9
2015-08-28 23:00:00,Friday,21,17,4
2015-08-29 00:00:00,Saturday,17,15,2
2015-08-29 01:00:00,Saturday,6,4,2
2015-08-29 02:00:00,Saturday,9,6,3
2015-08-29 03:00:00,Saturday,4,4,0
2015-08-29 04:00:00,Saturday,1,1,0
2015-08-29 05:00:00,Saturday,1,0,1
2015-08-29 06:00:00,Saturday,12,3,9
2015-08-29 07:00:00,Saturday,19,3,16
2015-08-29 08:00:00,Saturday,23,4,19
2015-08-29 09:00:00,Saturday,46,13,33
2015-08-29 10:00:00,Saturday,48,14,34
2015-08-29 11:00:00,Saturday,55,24,31
2015-08-29 12:00:00,Saturday,59,24,35
2015-08-29 13:00:00,Saturday,69,23,46
2015-08-29 14:00:00,Saturday,61,28,33
2015-08-29 15:00:00,Saturday,53,28,25
2015-08-29 16:00:00,Saturday,52,33,19
2015-08-29 17:00:00,Saturday,67,44,23
2015-08-29 18:00:00,Saturday,58,37,21
2015-08-29 19:00:00,Saturday,58,36,22
2015-08-29 20:00:00,Saturday,27,14,13
2015-08-29 21:00:00,Saturday,18,13,5
2015-08-29 22:00:00,Saturday,30,26,4
2015-08-29 23:00:00,Saturday,12,11,1
2015-08-30 00:00:00,Sunday,12,8,4
2015-08-30 01:00:00,Sunday,9,8,1
2015-08-30 02:00:00,Sunday,2,2,0
2015-08-30 03:00:00,Sunday,1,0,1
2015-08-30 04:00:00,Sunday,0,0,0
2015-08-30 05:00:00,Sunday,0,0,0
2015-08-30 06:00:00,Sunday,9,2,7
2015-08-30 07:00:00,Sunday,14,5,9
2015-08-30 08:00:00,Sunday,31,11,20
2015-08-30 09:00:00,Sunday,25,5,20
2015-08-30 10:00:00,Sunday,44,22,22
2015-08-30 11:00:00,Sunday,53,22,31
2015-08-30 12:00:00,Sunday,49,18,31
2015-08-30 13:00:00,Sunday,47,20,27
2015-08-30 14:00:00,Sunday,82,39,43
2015-08-30 15:00:00,Sunday,62,34,28
2015-08-30 16:00:00,Sunday,70,34,36
2015-08-30 17:00:00,Sunday,52,36,16
2015-08-30 18:00:00,Sunday,53,30,23
2015-08-30 19:00:00,Sunday,40,33,7
2015-08-30 20:00:00,Sunday,27,16,11
2015-08-30 21:00:00,Sunday,26,20,6
2015-08-30 22:00:00,Sunday,20,19,1
2015-08-30 23:00:00,Sunday,15,11,4
2015-08-31 00:00:00,Monday,2,2,0
2015-08-31 01:00:00,Monday,5,3,2
2015-08-31 02:00:00,Monday,2,0,2
2015-08-31 03:00:00,Monday,1,0,1
2015-08-31 04:00:00,Monday,1,1,0
2015-08-31 05:00:00,Monday,8,1,7
2015-08-31 06:00:00,Monday,40,7,33
2015-08-31 07:00:00,Monday,135,13,122
2015-08-31 08:00:00,Monday,293,49,244
2015-08-31 09:00:00,Monday,204,43,161
2015-08-31 10:00:00,Monday,74,20,54
2015-08-31 11:00:00,Monday,57,25,32
2015-08-31 12:00:00,Monday,58,27,31
2015-08-31 13:00:00,Monday,51,26,25
2015-08-31 14:00:00,Monday,53,29,24
2015-08-31 15:00:00,Monday,73,58,15
2015-08-31 16:00:00,Monday,112,90,22
2015-08-31 17:00:00,Monday,266,224,42
2015-08-31 18:00:00,Monday,254,212,42
2015-08-31 19:00:00,Monday,114,96,18
2015-08-31 20:00:00,Monday,61,48,13
2015-08-31 21:00:00,Monday,44,32,12
2015-08-31 22:00:00,Monday,26,17,9
2015-08-31 23:00:00,Monday,17,13,4
2015-09-01 00:00:00,Tuesday,4,2,2
2015-09-01 01:00:00,Tuesday,5,3,2
2015-09-01 02:00:00,Tuesday,0,0,0
2015-09-01 03:00:00,Tuesday,1,0,1
2015-09-01 04:00:00,Tuesday,2,0,2
2015-09-01 05:00:00,Tuesday,11,2,9
2015-09-01 06:00:00,Tuesday,52,7,45
2015-09-01 07:00:00,Tuesday,163,25,138
2015-09-01 08:00:00,Tuesday,303,49,254
2015-09-01 09:00:00,Tuesday,178,41,137
2015-09-01 10:00:00,Tuesday,77,29,48
2015-09-01 11:00:00,Tuesday,51,18,33
2015-09-01 12:00:00,Tuesday,58,22,36
2015-09-01 13:00:00,Tuesday,53,31,22
2015-09-01 14:00:00,Tuesday,63,35,28
2015-09-01 15:00:00,Tuesday,82,50,32
2015-09-01 16:00:00,Tuesday,132,103,29
2015-09-01 17:00:00,Tuesday,295,238,57
2015-09-01 18:00:00,Tuesday,224,188,36
2015-09-01 19:00:00,Tuesday,133,115,18
2015-09-01 20:00:00,Tuesday,63,55,8
2015-09-01 21:00:00,Tuesday,42,34,8
2015-09-01 22:00:00,Tuesday,25,18,7
2015-09-01 23:00:00,Tuesday,18,14,4
2015-09-02 00:00:00,Wednesday,10,7,3
2015-09-02 01:00:00,Wednesday,4,2,2
2015-09-02 02:00:00,Wednesday,0,0,0
2015-09-02 03:00:00,Wednesday,0,0,0
2015-09-02 04:00:00,Wednesday,1,0,1
2015-09-02 05:00:00,Wednesday,11,1,10
2015-09-02 06:00:00,Wednesday,54,7,47
2015-09-02 07:00:00,Wednesday,151,22,129
2015-09-02 08:00:00,Wednesday,294,59,235
2015-09-02 09:00:00,Wednesday,188,36,152
2015-09-02 10:00:00,Wednesday,95,33,62
2015-09-02 11:00:00,Wednesday,57,25,32
2015-09-02 12:00:00,Wednesday,57,27,30
2015-09-02 13:00:00,Wednesday,53,23,30
2015-09-02 14:00:00,Wednesday,62,37,25
2015-09-02 15:00:00,Wednesday,74,49,25
2015-09-02 16:00:00,Wednesday,114,86,28
2015-09-02 17:00:00,Wednesday,280,220,60
2015-09-02 18:00:00,Wednesday,238,192,46
2015-09-02 19:00:00,Wednesday,136,110,26
2015-09-02 20:00:00,Wednesday,90,74,16
2015-09-02 21:00:00,Wednesday,63,49,14
2015-09-02 22:00:00,Wednesday,31,26,5
2015-09-02 23:00:00,Wednesday,40,33,7
2015-09-03 00:00:00,Thursday,16,12,4
2015-09-03 01:00:00,Thursday,3,2,1
2015-09-03 02:00:00,Thursday,3,3,0
2015-09-03 03:00:00,Thursday,2,2,0
2015-09-03 04:00:00,Thursday,2,0,2
2015-09-03 05:00:00,Thursday,8,0,8
2015-09-03 06:00:00,Thursday,49,7,42
2015-09-03 07:00:00,Thursday,141,25,116
2015-09-03 08:00:00,Thursday,279,57,222
2015-09-03 09:00:00,Thursday,205,49,156
2015-09-03 10:00:00,Thursday,98,29,69
2015-09-03 11:00:00,Thursday,78,31,47
2015-09-03 12:00:00,Thursday,71,34,37
2015-09-03 13:00:00,Thursday,64,26,38
2015-09-03 14:00:00,Thursday,62,33,29
2015-09-03 15:00:00,Thursday,66,32,34
2015-09-03 16:00:00,Thursday,130,98,32
2015-09-03 17:00:00,Thursday,283,224,59
2015-09-03 18:00:00,Thursday,262,215,47
2015-09-03 19:00:00,Thursday,119,103,16
2015-09-03 20:00:00,Thursday,62,50,12
2015-09-03 21:00:00,Thursday,47,38,9
2015-09-03 22:00:00,Thursday,22,20,2
2015-09-03 23:00:00,Thursday,26,17,9
2015-09-04 00:00:00,Friday,12,9,3
2015-09-04 01:00:00,Friday,3,3,0
2015-09-04 02:00:00,Friday,1,1,0
2015-09-04 03:00:00,Friday,2,2,0
2015-09-04 04:00:00,Friday,2,0,2
2015-09-04 05:00:00,Friday,13,3,10
2015-09-04 06:00:00,Friday,31,2,29
2015-09-04 07:00:00,Friday,109,20,89
2015-09-04 08:00:00,Friday,251,49,202
2015-09-04 09:00:00,Friday,165,38,127
2015-09-04 10:00:00,Friday,74,22,52
2015-09-04 11:00:00,Friday,69,28,41
2015-09-04 12:00:00,Friday,75,44,31
2015-09-04 13:00:00,Friday,68,32,36
2015-09-04 14:00:00,Friday,82,51,31
2015-09-04 15:00:00,Friday,114,81,33
2015-09-04 16:00:00,Friday,139,106,33
2015-09-04 17:00:00,Friday,172,139,33
2015-09-04 18:00:00,Friday,140,109,31
2015-09-04 19:00:00,Friday,102,83,19
2015-09-04 20:00:00,Friday,38,27,11
2015-09-04 21:00:00,Friday,40,28,12
2015-09-04 22:00:00,Friday,23,18,5
2015-09-04 23:00:00,Friday,18,12,6
2015-09-05 00:00:00,Saturday,10,8,2
2015-09-05 01:00:00,Saturday,5,5,0
2015-09-05 02:00:00,Saturday,10,8,2
2015-09-05 03:00:00,Saturday,1,1,0
2015-09-05 04:00:00,Saturday,0,0,0
2015-09-05 05:00:00,Saturday,0,0,0
2015-09-05 06:00:00,Saturday,7,0,7
2015-09-05 07:00:00,Saturday,14,2,12
2015-09-05 08:00:00,Saturday,23,11,12
2015-09-05 09:00:00,Saturday,46,15,31
2015-09-05 10:00:00,Saturday,42,15,27
2015-09-05 11:00:00,Saturday,49,17,32
2015-09-05 12:00:00,Saturday,53,23,30
2015-09-05 13:00:00,Saturday,71,28,43
2015-09-05 14:00:00,Saturday,46,24,22
2015-09-05 15:00:00,Saturday,52,25,27
2015-09-05 16:00:00,Saturday,70,32,38
2015-09-05 17:00:00,Saturday,52,30,22
2015-09-05 18:00:00,Saturday,37,27,10
2015-09-05 19:00:00,Saturday,46,31,15
2015-09-05 20:00:00,Saturday,24,14,10
NaT,,NaN,NaN,NaN
2015-09-05 22:00:00,Saturday,18,13,5
2015-09-05 23:00:00,Saturday,17,13,4
2015-09-06 00:00:00,Sunday,10,3,7
2015-09-06 01:00:00,Sunday,9,7,2
2015-09-06 02:00:00,Sunday,6,4,2
2015-09-06 03:00:00,Sunday,0,0,0
2015-09-06 04:00:00,Sunday,3,2,1
2015-09-06 05:00:00,Sunday,2,0,2
2015-09-06 06:00:00,Sunday,5,0,5
2015-09-06 07:00:00,Sunday,13,1,12
2015-09-06 08:00:00,Sunday,31,13,18
2015-09-06 09:00:00,Sunday,32,12,20
2015-09-06 10:00:00,Sunday,52,18,34
2015-09-06 11:00:00,Sunday,54,19,35
2015-09-06 12:00:00,Sunday,53,21,32
2015-09-06 13:00:00,Sunday,42,20,22
2015-09-06 14:00:00,Sunday,49,22,27
2015-09-06 15:00:00,Sunday,52,24,28
2015-09-06 16:00:00,Sunday,45,27,18
2015-09-06 17:00:00,Sunday,29,21,8
2015-09-06 18:00:00,Sunday,53,42,11
2015-09-06 19:00:00,Sunday,53,39,14
2015-09-06 20:00:00,Sunday,21,18,3
2015-09-06 21:00:00,Sunday,18,15,3
2015-09-06 22:00:00,Sunday,14,10,4
2015-09-06 23:00:00,Sunday,10,8,2
2015-09-07 00:00:00,Monday,9,5,4
2015-09-07 01:00:00,Monday,1,1,0
2015-09-07 02:00:00,Monday,7,6,1
2015-09-07 03:00:00,Monday,0,0,0
2015-09-07 04:00:00,Monday,0,0,0
2015-09-07 05:00:00,Monday,5,0,5
2015-09-07 06:00:00,Monday,8,1,7
2015-09-07 07:00:00,Monday,22,9,13
2015-09-07 08:00:00,Monday,39,18,21
2015-09-07 09:00:00,Monday,44,19,25
2015-09-07 10:00:00,Monday,53,19,34
2015-09-07 11:00:00,Monday,54,26,28
2015-09-07 12:00:00,Monday,58,30,28
2015-09-07 13:00:00,Monday,52,26,26
2015-09-07 14:00:00,Monday,40,21,19
2015-09-07 15:00:00,Monday,65,40,25
2015-09-07 16:00:00,Monday,57,36,21
2015-09-07 17:00:00,Monday,65,37,28
2015-09-07 18:00:00,Monday,56,36,20
2015-09-07 19:00:00,Monday,45,31,14
2015-09-07 20:00:00,Monday,31,21,10
2015-09-07 21:00:00,Monday,16,13,3
2015-09-07 22:00:00,Monday,20,13,7
2015-09-07 23:00:00,Monday,15,10,5
2015-09-08 00:00:00,Tuesday,10,8,2
2015-09-08 01:00:00,Tuesday,3,3,0
2015-09-08 02:00:00,Tuesday,0,0,0
2015-09-08 03:00:00,Tuesday,0,0,0
2015-09-08 04:00:00,Tuesday,3,1,2
2015-09-08 05:00:00,Tuesday,13,1,12
2015-09-08 06:00:00,Tuesday,47,14,33
2015-09-08 07:00:00,Tuesday,129,19,110
2015-09-08 08:00:00,Tuesday,300,59,241
2015-09-08 09:00:00,Tuesday,197,33,164
2015-09-08 10:00:00,Tuesday,64,22,42
2015-09-08 11:00:00,Tuesday,62,31,31
2015-09-08 12:00:00,Tuesday,46,21,25
2015-09-08 13:00:00,Tuesday,60,34,26
2015-09-08 14:00:00,Tuesday,59,42,17
2015-09-08 15:00:00,Tuesday,66,34,32
2015-09-08 16:00:00,Tuesday,132,95,37
2015-09-08 17:00:00,Tuesday,283,245,38
2015-09-08 18:00:00,Tuesday,231,183,48
2015-09-08 19:00:00,Tuesday,155,113,42
2015-09-08 20:00:00,Tuesday,65,49,16
2015-09-08 21:00:00,Tuesday,45,38,7
2015-09-08 22:00:00,Tuesday,24,22,2
2015-09-08 23:00:00,Tuesday,24,19,5
2015-09-09 00:00:00,Wednesday,15,12,3
2015-09-09 01:00:00,Wednesday,1,1,0
2015-09-09 02:00:00,Wednesday,3,0,3
2015-09-09 03:00:00,Wednesday,2,0,2
2015-09-09 04:00:00,Wednesday,3,1,2
2015-09-09 05:00:00,Wednesday,15,4,11
2015-09-09 06:00:00,Wednesday,40,2,38
2015-09-09 07:00:00,Wednesday,148,23,125
2015-09-09 08:00:00,Wednesday,331,51,280
2015-09-09 09:00:00,Wednesday,180,33,147
2015-09-09 10:00:00,Wednesday,83,23,60
2015-09-09 11:00:00,Wednesday,78,30,48
2015-09-09 12:00:00,Wednesday,57,27,30
2015-09-09 13:00:00,Wednesday,43,21,22
2015-09-09 14:00:00,Wednesday,57,38,19
2015-09-09 15:00:00,Wednesday,73,48,25
2015-09-09 16:00:00,Wednesday,145,108,37
2015-09-09 17:00:00,Wednesday,281,233,48
2015-09-09 18:00:00,Wednesday,267,227,40
2015-09-09 19:00:00,Wednesday,151,123,28
2015-09-09 20:00:00,Wednesday,79,63,16
2015-09-09 21:00:00,Wednesday,70,55,15
2015-09-09 22:00:00,Wednesday,36,27,9
2015-09-09 23:00:00,Wednesday,25,21,4
2015-09-10 00:00:00,Thursday,7,6,1
2015-09-10 01:00:00,Thursday,5,4,1
2015-09-10 02:00:00,Thursday,1,1,0
2015-09-10 03:00:00,Thursday,3,2,1
2015-09-10 04:00:00,Thursday,3,1,2
2015-09-10 05:00:00,Thursday,11,2,9
2015-09-10 06:00:00,Thursday,45,4,41
2015-09-10 07:00:00,Thursday,115,30,85
2015-09-10 08:00:00,Thursday,300,42,258
2015-09-10 09:00:00,Thursday,159,33,126
2015-09-10 10:00:00,Thursday,62,18,44
2015-09-10 11:00:00,Thursday,48,22,26
2015-09-10 12:00:00,Thursday,52,25,27
2015-09-10 13:00:00,Thursday,43,19,24
2015-09-10 14:00:00,Thursday,43,33,10
2015-09-10 15:00:00,Thursday,38,25,13
2015-09-10 16:00:00,Thursday,102,71,31
2015-09-10 17:00:00,Thursday,225,193,32
2015-09-10 18:00:00,Thursday,162,134,28
2015-09-10 19:00:00,Thursday,69,56,13
2015-09-10 20:00:00,Thursday,42,36,6
2015-09-10 21:00:00,Thursday,46,39,7
2015-09-10 22:00:00,Thursday,22,20,2
2015-09-10 23:00:00,Thursday,10,8,2
2015-09-11 00:00:00,Friday,7,6,1
2015-09-11 01:00:00,Friday,2,1,1
2015-09-11 02:00:00,Friday,2,1,1
2015-09-11 03:00:00,Friday,0,0,0
2015-09-11 04:00:00,Friday,2,1,1
2015-09-11 05:00:00,Friday,5,0,5
2015-09-11 06:00:00,Friday,30,4,26
2015-09-11 07:00:00,Friday,81,12,69
2015-09-11 08:00:00,Friday,205,33,172
2015-09-11 09:00:00,Friday,123,22,101
2015-09-11 10:00:00,Friday,79,19,60
2015-09-11 11:00:00,Friday,58,28,30
2015-09-11 12:00:00,Friday,48,14,34
2015-09-11 13:00:00,Friday,42,26,16
2015-09-11 14:00:00,Friday,68,40,28
2015-09-11 15:00:00,Friday,68,46,22
2015-09-11 16:00:00,Friday,122,95,27
2015-09-11 17:00:00,Friday,204,163,41
2015-09-11 18:00:00,Friday,159,139,20
2015-09-11 19:00:00,Friday,107,62,45
2015-09-11 20:00:00,Friday,51,39,12
2015-09-11 21:00:00,Friday,34,27,7
2015-09-11 22:00:00,Friday,26,24,2
2015-09-11 23:00:00,Friday,31,24,7
2015-09-12 00:00:00,Saturday,15,13,2
2015-09-12 01:00:00,Saturday,7,7,0
2015-09-12 02:00:00,Saturday,8,7,1
2015-09-12 03:00:00,Saturday,2,1,1
2015-09-12 04:00:00,Saturday,0,0,0
2015-09-12 05:00:00,Saturday,2,0,2
2015-09-12 06:00:00,Saturday,11,6,5
2015-09-12 07:00:00,Saturday,20,4,16
2015-09-12 08:00:00,Saturday,36,8,28
2015-09-12 09:00:00,Saturday,30,5,25
2015-09-12 10:00:00,Saturday,52,14,38
2015-09-12 11:00:00,Saturday,57,22,35
2015-09-12 12:00:00,Saturday,82,27,55
2015-09-12 13:00:00,Saturday,91,37,54
2015-09-12 14:00:00,Saturday,69,32,37
2015-09-12 15:00:00,Saturday,89,47,42
2015-09-12 16:00:00,Saturday,83,55,28
2015-09-12 17:00:00,Saturday,85,54,31
2015-09-12 18:00:00,Saturday,55,33,22
2015-09-12 19:00:00,Saturday,42,28,14
2015-09-12 20:00:00,Saturday,33,22,11
2015-09-12 21:00:00,Saturday,25,18,7
2015-09-12 22:00:00,Saturday,21,14,7
2015-09-12 23:00:00,Saturday,23,16,7
2015-09-13 00:00:00,Sunday,10,9,1
2015-09-13 01:00:00,Sunday,8,7,1
2015-09-13 02:00:00,Sunday,5,5,0
2015-09-13 03:00:00,Sunday,1,1,0
2015-09-13 04:00:00,Sunday,1,1,0
2015-09-13 05:00:00,Sunday,2,0,2
2015-09-13 06:00:00,Sunday,4,0,4
2015-09-13 07:00:00,Sunday,6,2,4
2015-09-13 08:00:00,Sunday,14,4,10
2015-09-13 09:00:00,Sunday,22,5,17
2015-09-13 10:00:00,Sunday,44,12,32
2015-09-13 11:00:00,Sunday,32,14,18
2015-09-13 12:00:00,Sunday,47,12,35
2015-09-13 13:00:00,Sunday,45,21,24
2015-09-13 14:00:00,Sunday,47,25,22
2015-09-13 15:00:00,Sunday,45,19,26
2015-09-13 16:00:00,Sunday,37,22,15
2015-09-13 17:00:00,Sunday,37,24,13
2015-09-13 18:00:00,Sunday,49,33,16
2015-09-13 19:00:00,Sunday,23,19,4
2015-09-13 20:00:00,Sunday,9,4,5
2015-09-13 21:00:00,Sunday,9,6,3
2015-09-13 22:00:00,Sunday,12,11,1
2015-09-13 23:00:00,Sunday,6,4,2
2015-09-14 00:00:00,Monday,4,4,0
2015-09-14 01:00:00,Monday,1,1,0
2015-09-14 02:00:00,Monday,1,0,1
2015-09-14 03:00:00,Monday,0,0,0
2015-09-14 04:00:00,Monday,1,1,0
2015-09-14 05:00:00,Monday,8,1,7
2015-09-14 06:00:00,Monday,39,6,33
2015-09-14 07:00:00,Monday,138,25,113
2015-09-14 08:00:00,Monday,319,45,274
2015-09-14 09:00:00,Monday,195,31,164
2015-09-14 10:00:00,Monday,78,18,60
2015-09-14 11:00:00,Monday,48,15,33
2015-09-14 12:00:00,Monday,62,34,28
2015-09-14 13:00:00,Monday,61,30,31
2015-09-14 14:00:00,Monday,57,38,19
2015-09-14 15:00:00,Monday,77,52,25
2015-09-14 16:00:00,Monday,114,86,28
2015-09-14 17:00:00,Monday,286,232,54
2015-09-14 18:00:00,Monday,265,216,49
2015-09-14 19:00:00,Monday,146,126,20
2015-09-14 20:00:00,Monday,74,59,15
2015-09-14 21:00:00,Monday,44,36,8
2015-09-14 22:00:00,Monday,32,25,7
2015-09-14 23:00:00,Monday,15,13,2
2015-09-15 00:00:00,Tuesday,5,4,1
2015-09-15 01:00:00,Tuesday,7,7,0
2015-09-15 02:00:00,Tuesday,3,2,1
2015-09-15 03:00:00,Tuesday,0,0,0
2015-09-15 04:00:00,Tuesday,2,1,1
2015-09-15 05:00:00,Tuesday,15,1,14
2015-09-15 06:00:00,Tuesday,53,7,46
2015-09-15 07:00:00,Tuesday,164,30,134
2015-09-15 08:00:00,Tuesday,361,62,299
2015-09-15 09:00:00,Tuesday,200,42,158
2015-09-15 10:00:00,Tuesday,108,36,72
2015-09-15 11:00:00,Tuesday,65,27,38
2015-09-15 12:00:00,Tuesday,68,37,31
2015-09-15 13:00:00,Tuesday,49,22,27
2015-09-15 14:00:00,Tuesday,68,45,23
2015-09-15 15:00:00,Tuesday,74,42,32
2015-09-15 16:00:00,Tuesday,149,103,46
2015-09-15 17:00:00,Tuesday,329,268,61
2015-09-15 18:00:00,Tuesday,258,207,51
2015-09-15 19:00:00,Tuesday,162,135,27
2015-09-15 20:00:00,Tuesday,107,92,15
2015-09-15 21:00:00,Tuesday,43,32,11
2015-09-15 22:00:00,Tuesday,41,32,9
2015-09-15 23:00:00,Tuesday,16,12,4
2015-09-16 00:00:00,Wednesday,7,6,1
2015-09-16 01:00:00,Wednesday,7,6,1
2015-09-16 02:00:00,Wednesday,2,1,1
2015-09-16 03:00:00,Wednesday,2,2,0
2015-09-16 04:00:00,Wednesday,3,1,2
2015-09-16 05:00:00,Wednesday,17,3,14
2015-09-16 06:00:00,Wednesday,50,6,44
2015-09-16 07:00:00,Wednesday,159,20,139
2015-09-16 08:00:00,Wednesday,398,58,340
2015-09-16 09:00:00,Wednesday,225,46,179
2015-09-16 10:00:00,Wednesday,96,28,68
2015-09-16 11:00:00,Wednesday,71,24,47
2015-09-16 12:00:00,Wednesday,66,27,39
2015-09-16 13:00:00,Wednesday,79,38,41
2015-09-16 14:00:00,Wednesday,76,44,32
2015-09-16 15:00:00,Wednesday,93,62,31
2015-09-16 16:00:00,Wednesday,135,99,36
2015-09-16 17:00:00,Wednesday,290,241,49
2015-09-16 18:00:00,Wednesday,271,217,54
2015-09-16 19:00:00,Wednesday,144,127,17
2015-09-16 20:00:00,Wednesday,95,81,14
2015-09-16 21:00:00,Wednesday,61,50,11
2015-09-16 22:00:00,Wednesday,39,29,10
2015-09-16 23:00:00,Wednesday,25,21,4
2015-09-17 00:00:00,Thursday,12,11,1
2015-09-17 01:00:00,Thursday,6,4,2
2015-09-17 02:00:00,Thursday,2,1,1
2015-09-17 03:00:00,Thursday,3,3,0
2015-09-17 04:00:00,Thursday,1,0,1
2015-09-17 05:00:00,Thursday,14,2,12
2015-09-17 06:00:00,Thursday,51,13,38
2015-09-17 07:00:00,Thursday,154,32,122
2015-09-17 08:00:00,Thursday,348,59,289
2015-09-17 09:00:00,Thursday,211,46,165
2015-09-17 10:00:00,Thursday,90,22,68
2015-09-17 11:00:00,Thursday,82,20,62
2015-09-17 12:00:00,Thursday,67,25,42
2015-09-17 13:00:00,Thursday,63,35,28
2015-09-17 14:00:00,Thursday,67,42,25
2015-09-17 15:00:00,Thursday,73,43,30
2015-09-17 16:00:00,Thursday,140,104,36
2015-09-17 17:00:00,Thursday,282,239,43
2015-09-17 18:00:00,Thursday,264,206,58
2015-09-17 19:00:00,Thursday,131,100,31
2015-09-17 20:00:00,Thursday,100,84,16
2015-09-17 21:00:00,Thursday,83,63,20
2015-09-17 22:00:00,Thursday,41,31,10
2015-09-17 23:00:00,Thursday,31,21,10
2015-09-18 00:00:00,Friday,10,8,2
2015-09-18 01:00:00,Friday,8,8,0
2015-09-18 02:00:00,Friday,8,5,3
2015-09-18 03:00:00,Friday,4,3,1
2015-09-18 04:00:00,Friday,0,0,0
2015-09-18 05:00:00,Friday,8,1,7
2015-09-18 06:00:00,Friday,46,8,38
2015-09-18 07:00:00,Friday,119,24,95
2015-09-18 08:00:00,Friday,307,57,250
2015-09-18 09:00:00,Friday,175,36,139
2015-09-18 10:00:00,Friday,78,19,59
2015-09-18 11:00:00,Friday,77,26,51
2015-09-18 12:00:00,Friday,73,42,31
2015-09-18 13:00:00,Friday,55,28,27
2015-09-18 14:00:00,Friday,79,48,31
2015-09-18 15:00:00,Friday,101,69,32
2015-09-18 16:00:00,Friday,170,129,41
2015-09-18 17:00:00,Friday,260,220,40
2015-09-18 18:00:00,Friday,182,155,27
2015-09-18 19:00:00,Friday,102,88,14
2015-09-18 20:00:00,Friday,64,48,16
2015-09-18 21:00:00,Friday,48,39,9
2015-09-18 22:00:00,Friday,26,21,5
2015-09-18 23:00:00,Friday,22,18,4
2015-09-19 00:00:00,Saturday,12,7,5
2015-09-19 01:00:00,Saturday,9,5,4
2015-09-19 02:00:00,Saturday,7,6,1
2015-09-19 03:00:00,Saturday,4,3,1
2015-09-19 04:00:00,Saturday,0,0,0
2015-09-19 05:00:00,Saturday,5,0,5
2015-09-19 06:00:00,Saturday,10,0,10
2015-09-19 07:00:00,Saturday,22,5,17
2015-09-19 08:00:00,Saturday,38,6,32
2015-09-19 09:00:00,Saturday,45,5,40
2015-09-19 10:00:00,Saturday,61,19,42
2015-09-19 11:00:00,Saturday,67,25,42
2015-09-19 12:00:00,Saturday,83,47,36
2015-09-19 13:00:00,Saturday,73,37,36
2015-09-19 14:00:00,Saturday,65,32,33
2015-09-19 15:00:00,Saturday,83,36,47
2015-09-19 16:00:00,Saturday,79,40,39
2015-09-19 17:00:00,Saturday,78,52,26
2015-09-19 18:00:00,Saturday,90,63,27
2015-09-19 19:00:00,Saturday,62,41,21
2015-09-19 20:00:00,Saturday,43,28,15
2015-09-19 21:00:00,Saturday,33,24,9
2015-09-19 22:00:00,Saturday,14,9,5
2015-09-19 23:00:00,Saturday,20,14,6
2015-09-20 00:00:00,Sunday,13,10,3
2015-09-20 01:00:00,Sunday,22,18,4
2015-09-20 02:00:00,Sunday,7,7,0
2015-09-20 03:00:00,Sunday,4,3,1
2015-09-20 04:00:00,Sunday,1,0,1
2015-09-20 05:00:00,Sunday,5,1,4
2015-09-20 06:00:00,Sunday,18,1,17
2015-09-20 07:00:00,Sunday,94,6,88
2015-09-20 08:00:00,Sunday,29,11,18
2015-09-20 09:00:00,Sunday,31,12,19
2015-09-20 10:00:00,Sunday,48,20,28
2015-09-20 11:00:00,Sunday,87,54,33
2015-09-20 12:00:00,Sunday,150,99,51
2015-09-20 13:00:00,Sunday,101,70,31
2015-09-20 14:00:00,Sunday,88,53,35
2015-09-20 15:00:00,Sunday,72,43,29
2015-09-20 16:00:00,Sunday,61,34,27
2015-09-20 17:00:00,Sunday,77,51,26
2015-09-20 18:00:00,Sunday,63,47,16
2015-09-20 19:00:00,Sunday,55,39,16
2015-09-20 20:00:00,Sunday,31,23,8
2015-09-20 21:00:00,Sunday,13,8,5
2015-09-20 22:00:00,Sunday,20,17,3
2015-09-20 23:00:00,Sunday,9,7,2
2015-09-21 00:00:00,Monday,5,4,1
2015-09-21 01:00:00,Monday,1,1,0
2015-09-21 02:00:00,Monday,1,1,0
2015-09-21 03:00:00,Monday,1,0,1
2015-09-21 04:00:00,Monday,2,2,0
2015-09-21 05:00:00,Monday,12,1,11
2015-09-21 06:00:00,Monday,51,4,47
2015-09-21 07:00:00,Monday,168,26,142
2015-09-21 08:00:00,Monday,353,62,291
2015-09-21 09:00:00,Monday,217,40,177
2015-09-21 10:00:00,Monday,94,29,65
2015-09-21 11:00:00,Monday,64,21,43
2015-09-21 12:00:00,Monday,65,28,37
2015-09-21 13:00:00,Monday,60,29,31
2015-09-21 14:00:00,Monday,63,37,26
2015-09-21 15:00:00,Monday,71,47,24
2015-09-21 16:00:00,Monday,139,99,40
2015-09-21 17:00:00,Monday,313,259,54
2015-09-21 18:00:00,Monday,289,260,29
2015-09-21 19:00:00,Monday,133,110,23
2015-09-21 20:00:00,Monday,78,63,15
2015-09-21 21:00:00,Monday,39,34,5
2015-09-21 22:00:00,Monday,40,28,12
2015-09-21 23:00:00,Monday,20,17,3
2015-09-22 00:00:00,Tuesday,10,9,1
2015-09-22 01:00:00,Tuesday,4,3,1
2015-09-22 02:00:00,Tuesday,1,0,1
2015-09-22 03:00:00,Tuesday,1,0,1
2015-09-22 04:00:00,Tuesday,2,1,1
2015-09-22 05:00:00,Tuesday,7,0,7
2015-09-22 06:00:00,Tuesday,49,6,43
2015-09-22 07:00:00,Tuesday,155,23,132
2015-09-22 08:00:00,Tuesday,384,66,318
2015-09-22 09:00:00,Tuesday,206,41,165
2015-09-22 10:00:00,Tuesday,85,23,62
2015-09-22 11:00:00,Tuesday,65,25,40
2015-09-22 12:00:00,Tuesday,68,32,36
2015-09-22 13:00:00,Tuesday,70,33,37
2015-09-22 14:00:00,Tuesday,75,50,25
2015-09-22 15:00:00,Tuesday,67,47,20
2015-09-22 16:00:00,Tuesday,159,116,43
2015-09-22 17:00:00,Tuesday,328,286,42
2015-09-22 18:00:00,Tuesday,262,221,41
2015-09-22 19:00:00,Tuesday,151,118,33
2015-09-22 20:00:00,Tuesday,71,55,16
2015-09-22 21:00:00,Tuesday,51,36,15
2015-09-22 22:00:00,Tuesday,53,41,12
2015-09-22 23:00:00,Tuesday,18,10,8
2015-09-23 00:00:00,Wednesday,5,4,1
2015-09-23 01:00:00,Wednesday,7,7,0
2015-09-23 02:00:00,Wednesday,3,2,1
2015-09-23 03:00:00,Wednesday,3,3,0
2015-09-23 04:00:00,Wednesday,3,1,2
2015-09-23 05:00:00,Wednesday,7,0,7
2015-09-23 06:00:00,Wednesday,44,4,40
2015-09-23 07:00:00,Wednesday,123,14,109
2015-09-23 08:00:00,Wednesday,331,62,269
2015-09-23 09:00:00,Wednesday,222,51,171
2015-09-23 10:00:00,Wednesday,90,23,67
2015-09-23 11:00:00,Wednesday,61,13,48
2015-09-23 12:00:00,Wednesday,76,38,38
2015-09-23 13:00:00,Wednesday,67,38,29
2015-09-23 14:00:00,Wednesday,75,39,36
2015-09-23 15:00:00,Wednesday,84,48,36
2015-09-23 16:00:00,Wednesday,139,105,34
2015-09-23 17:00:00,Wednesday,298,249,49
2015-09-23 18:00:00,Wednesday,273,232,41
2015-09-23 19:00:00,Wednesday,125,104,21
2015-09-23 20:00:00,Wednesday,74,57,17
2015-09-23 21:00:00,Wednesday,59,44,15
2015-09-23 22:00:00,Wednesday,33,28,5
2015-09-23 23:00:00,Wednesday,30,25,5
2015-09-24 00:00:00,Thursday,12,10,2
2015-09-24 01:00:00,Thursday,6,5,1
2015-09-24 02:00:00,Thursday,8,6,2
2015-09-24 03:00:00,Thursday,2,1,1
2015-09-24 04:00:00,Thursday,0,0,0
2015-09-24 05:00:00,Thursday,8,0,8
2015-09-24 06:00:00,Thursday,54,15,39
2015-09-24 07:00:00,Thursday,156,21,135
2015-09-24 08:00:00,Thursday,367,55,312
2015-09-24 09:00:00,Thursday,218,49,169
2015-09-24 10:00:00,Thursday,108,25,83
2015-09-24 11:00:00,Thursday,69,27,42
2015-09-24 12:00:00,Thursday,74,36,38
2015-09-24 13:00:00,Thursday,82,37,45
2015-09-24 14:00:00,Thursday,76,43,33
2015-09-24 15:00:00,Thursday,74,45,29
2015-09-24 16:00:00,Thursday,164,114,50
2015-09-24 17:00:00,Thursday,308,267,41
2015-09-24 18:00:00,Thursday,256,212,44
2015-09-24 19:00:00,Thursday,160,124,36
2015-09-24 20:00:00,Thursday,81,72,9
2015-09-24 21:00:00,Thursday,54,46,8
2015-09-24 22:00:00,Thursday,46,33,13
2015-09-24 23:00:00,Thursday,34,27,7
2015-09-25 00:00:00,Friday,7,7,0
2015-09-25 01:00:00,Friday,3,1,2
2015-09-25 02:00:00,Friday,5,4,1
2015-09-25 03:00:00,Friday,5,3,2
2015-09-25 04:00:00,Friday,4,2,2
2015-09-25 05:00:00,Friday,5,2,3
2015-09-25 06:00:00,Friday,40,6,34
2015-09-25 07:00:00,Friday,118,19,99
2015-09-25 08:00:00,Friday,307,55,252
2015-09-25 09:00:00,Friday,178,37,141
2015-09-25 10:00:00,Friday,93,29,64
2015-09-25 11:00:00,Friday,88,25,63
2015-09-25 12:00:00,Friday,71,29,42
2015-09-25 13:00:00,Friday,62,36,26
2015-09-25 14:00:00,Friday,95,57,38
2015-09-25 15:00:00,Friday,98,63,35
2015-09-25 16:00:00,Friday,178,132,46
2015-09-25 17:00:00,Friday,272,230,42
2015-09-25 18:00:00,Friday,221,174,47
2015-09-25 19:00:00,Friday,97,70,27
2015-09-25 20:00:00,Friday,60,48,12
2015-09-25 21:00:00,Friday,41,31,10
2015-09-25 22:00:00,Friday,32,28,4
2015-09-25 23:00:00,Friday,41,37,4
2015-09-26 00:00:00,Saturday,11,11,0
2015-09-26 01:00:00,Saturday,8,5,3
2015-09-26 02:00:00,Saturday,5,3,2
2015-09-26 03:00:00,Saturday,1,1,0
2015-09-26 04:00:00,Saturday,0,0,0
2015-09-26 05:00:00,Saturday,2,0,2
2015-09-26 06:00:00,Saturday,6,1,5
2015-09-26 07:00:00,Saturday,22,6,16
2015-09-26 08:00:00,Saturday,35,6,29
2015-09-26 09:00:00,Saturday,38,7,31
2015-09-26 10:00:00,Saturday,59,28,31
2015-09-26 11:00:00,Saturday,61,26,35
2015-09-26 12:00:00,Saturday,74,31,43
2015-09-26 13:00:00,Saturday,62,35,27
2015-09-26 14:00:00,Saturday,68,30,38
2015-09-26 15:00:00,Saturday,67,41,26
2015-09-26 16:00:00,Saturday,73,35,38
2015-09-26 17:00:00,Saturday,66,53,13
2015-09-26 18:00:00,Saturday,63,29,34
2015-09-26 19:00:00,Saturday,38,25,13
2015-09-26 20:00:00,Saturday,25,16,9
2015-09-26 21:00:00,Saturday,23,17,6
2015-09-26 22:00:00,Saturday,31,26,5
2015-09-26 23:00:00,Saturday,31,25,6
2015-09-27 00:00:00,Sunday,15,11,4
2015-09-27 01:00:00,Sunday,4,2,2
2015-09-27 02:00:00,Sunday,8,6,2
2015-09-27 03:00:00,Sunday,2,2,0
2015-09-27 04:00:00,Sunday,0,0,0
2015-09-27 05:00:00,Sunday,3,1,2
2015-09-27 06:00:00,Sunday,8,1,7
2015-09-27 07:00:00,Sunday,12,4,8
2015-09-27 08:00:00,Sunday,20,3,17
2015-09-27 09:00:00,Sunday,41,20,21
2015-09-27 10:00:00,Sunday,57,18,39
2015-09-27 11:00:00,Sunday,82,50,32
2015-09-27 12:00:00,Sunday,64,30,34
2015-09-27 13:00:00,Sunday,75,34,41
2015-09-27 14:00:00,Sunday,86,39,47
2015-09-27 15:00:00,Sunday,57,31,26
2015-09-27 16:00:00,Sunday,57,29,28
2015-09-27 17:00:00,Sunday,53,29,24
2015-09-27 18:00:00,Sunday,60,37,23
2015-09-27 19:00:00,Sunday,36,22,14
2015-09-27 20:00:00,Sunday,36,24,12
2015-09-27 21:00:00,Sunday,26,13,13
2015-09-27 22:00:00,Sunday,32,22,10
2015-09-27 23:00:00,Sunday,18,16,2
2015-09-28 00:00:00,Monday,6,4,2
2015-09-28 01:00:00,Monday,6,6,0
2015-09-28 02:00:00,Monday,1,1,0
2015-09-28 03:00:00,Monday,0,0,0
2015-09-28 04:00:00,Monday,2,0,2
2015-09-28 05:00:00,Monday,11,0,11
2015-09-28 06:00:00,Monday,38,8,30
2015-09-28 07:00:00,Monday,139,23,116
2015-09-28 08:00:00,Monday,356,60,296
2015-09-28 09:00:00,Monday,219,47,172
2015-09-28 10:00:00,Monday,95,31,64
2015-09-28 11:00:00,Monday,71,29,42
2015-09-28 12:00:00,Monday,76,37,39
2015-09-28 13:00:00,Monday,53,30,23
2015-09-28 14:00:00,Monday,64,35,29
2015-09-28 15:00:00,Monday,70,46,24
2015-09-28 16:00:00,Monday,151,115,36
2015-09-28 17:00:00,Monday,293,253,40
2015-09-28 18:00:00,Monday,283,234,49
2015-09-28 19:00:00,Monday,118,97,21
2015-09-28 20:00:00,Monday,71,58,13
2015-09-28 21:00:00,Monday,53,46,7
2015-09-28 22:00:00,Monday,28,21,7
2015-09-28 23:00:00,Monday,18,18,0
2015-09-29 00:00:00,Tuesday,4,2,2
2015-09-29 01:00:00,Tuesday,6,4,2
2015-09-29 02:00:00,Tuesday,1,1,0
2015-09-29 03:00:00,Tuesday,2,2,0
2015-09-29 04:00:00,Tuesday,1,0,1
2015-09-29 05:00:00,Tuesday,7,0,7
2015-09-29 06:00:00,Tuesday,47,11,36
2015-09-29 07:00:00,Tuesday,129,23,106
2015-09-29 08:00:00,Tuesday,287,42,245
2015-09-29 09:00:00,Tuesday,181,38,143
2015-09-29 10:00:00,Tuesday,88,30,58
2015-09-29 11:00:00,Tuesday,64,23,41
2015-09-29 12:00:00,Tuesday,69,36,33
2015-09-29 13:00:00,Tuesday,50,28,22
2015-09-29 14:00:00,Tuesday,68,41,27
2015-09-29 15:00:00,Tuesday,83,61,22
2015-09-29 16:00:00,Tuesday,126,93,33
2015-09-29 17:00:00,Tuesday,257,220,37
2015-09-29 18:00:00,Tuesday,205,170,35
2015-09-29 19:00:00,Tuesday,96,74,22
2015-09-29 20:00:00,Tuesday,66,51,15
2015-09-29 21:00:00,Tuesday,43,35,8
2015-09-29 22:00:00,Tuesday,31,25,6
2015-09-29 23:00:00,Tuesday,20,18,2
2015-09-30 00:00:00,Wednesday,14,10,4
2015-09-30 01:00:00,Wednesday,4,2,2
2015-09-30 02:00:00,Wednesday,4,3,1
2015-09-30 03:00:00,Wednesday,0,0,0
2015-09-30 04:00:00,Wednesday,4,2,2
2015-09-30 05:00:00,Wednesday,6,1,5
2015-09-30 06:00:00,Wednesday,17,4,13
2015-09-30 07:00:00,Wednesday,36,4,32
2015-09-30 08:00:00,Wednesday,87,12,75
2015-09-30 09:00:00,Wednesday,58,12,46
2015-09-30 10:00:00,Wednesday,26,9,17
2015-09-30 11:00:00,Wednesday,12,4,8
2015-09-30 12:00:00,Wednesday,16,6,10
2015-09-30 13:00:00,Wednesday,23,11,12
2015-09-30 14:00:00,Wednesday,26,17,9
2015-09-30 15:00:00,Wednesday,19,12,7
2015-09-30 16:00:00,Wednesday,41,33,8
2015-09-30 17:00:00,Wednesday,110,89,21
2015-09-30 18:00:00,Wednesday,84,72,12
2015-09-30 19:00:00,Wednesday,42,28,14
2015-09-30 20:00:00,Wednesday,39,35,4
2015-09-30 21:00:00,Wednesday,16,14,2
2015-09-30 22:00:00,Wednesday,19,15,4
2015-09-30 23:00:00,Wednesday,12,12,0
2015-10-01 00:00:00,Thursday,4,4,0
2015-10-01 01:00:00,Thursday,4,3,1
2015-10-01 02:00:00,Thursday,3,0,3
2015-10-01 03:00:00,Thursday,0,0,0
2015-10-01 04:00:00,Thursday,3,2,1
2015-10-01 05:00:00,Thursday,5,1,4
2015-10-01 06:00:00,Thursday,43,6,37
2015-10-01 07:00:00,Thursday,120,20,100
2015-10-01 08:00:00,Thursday,291,44,247
2015-10-01 09:00:00,Thursday,189,28,161
2015-10-01 10:00:00,Thursday,74,21,53
2015-10-01 11:00:00,Thursday,61,23,38
2015-10-01 12:00:00,Thursday,59,29,30
2015-10-01 13:00:00,Thursday,60,24,36
2015-10-01 14:00:00,Thursday,51,32,19
2015-10-01 15:00:00,Thursday,64,40,24
2015-10-01 16:00:00,Thursday,110,77,33
2015-10-01 17:00:00,Thursday,297,252,45
2015-10-01 18:00:00,Thursday,203,167,36
2015-10-01 19:00:00,Thursday,123,103,20
2015-10-01 20:00:00,Thursday,55,44,11
2015-10-01 21:00:00,Thursday,52,46,6
2015-10-01 22:00:00,Thursday,18,14,4
2015-10-01 23:00:00,Thursday,13,11,2
2015-10-02 00:00:00,Friday,11,11,0
2015-10-02 01:00:00,Friday,3,3,0
2015-10-02 02:00:00,Friday,2,1,1
2015-10-02 03:00:00,Friday,0,0,0
2015-10-02 04:00:00,Friday,3,1,2
2015-10-02 05:00:00,Friday,6,2,4
2015-10-02 06:00:00,Friday,27,6,21
2015-10-02 07:00:00,Friday,72,17,55
2015-10-02 08:00:00,Friday,195,39,156
2015-10-02 09:00:00,Friday,148,27,121
2015-10-02 10:00:00,Friday,51,14,37
2015-10-02 11:00:00,Friday,54,23,31
2015-10-02 12:00:00,Friday,43,22,21
2015-10-02 13:00:00,Friday,45,27,18
2015-10-02 14:00:00,Friday,31,21,10
2015-10-02 15:00:00,Friday,38,27,11
2015-10-02 16:00:00,Friday,72,61,11
2015-10-02 17:00:00,Friday,128,115,13
2015-10-02 18:00:00,Friday,104,96,8
2015-10-02 19:00:00,Friday,49,40,9
2015-10-02 20:00:00,Friday,30,24,6
2015-10-02 21:00:00,Friday,18,15,3
2015-10-02 22:00:00,Friday,10,8,2
2015-10-02 23:00:00,Friday,15,13,2
2015-10-03 00:00:00,Saturday,4,4,0
2015-10-03 01:00:00,Saturday,4,4,0
2015-10-03 02:00:00,Saturday,1,1,0
2015-10-03 03:00:00,Saturday,0,0,0
2015-10-03 04:00:00,Saturday,1,0,1
2015-10-03 05:00:00,Saturday,1,0,1
2015-10-03 06:00:00,Saturday,6,0,6
2015-10-03 07:00:00,Saturday,11,2,9
2015-10-03 08:00:00,Saturday,18,3,15
2015-10-03 09:00:00,Saturday,15,5,10
2015-10-03 10:00:00,Saturday,16,8,8
2015-10-03 11:00:00,Saturday,24,14,10
2015-10-03 12:00:00,Saturday,34,11,23
2015-10-03 13:00:00,Saturday,40,16,24
2015-10-03 14:00:00,Saturday,41,17,24
2015-10-03 15:00:00,Saturday,37,16,21
2015-10-03 16:00:00,Saturday,43,20,23
2015-10-03 17:00:00,Saturday,47,16,31
2015-10-03 18:00:00,Saturday,37,24,13
2015-10-03 19:00:00,Saturday,31,15,16
2015-10-03 20:00:00,Saturday,30,22,8
2015-10-03 21:00:00,Saturday,15,10,5
2015-10-03 22:00:00,Saturday,25,24,1
2015-10-03 23:00:00,Saturday,13,13,0
2015-10-04 00:00:00,Sunday,8,6,2
2015-10-04 01:00:00,Sunday,8,6,2
2015-10-04 02:00:00,Sunday,1,1,0
2015-10-04 03:00:00,Sunday,3,2,1
2015-10-04 04:00:00,Sunday,0,0,0
2015-10-04 05:00:00,Sunday,5,2,3
2015-10-04 06:00:00,Sunday,5,1,4
2015-10-04 07:00:00,Sunday,11,2,9
2015-10-04 08:00:00,Sunday,16,6,10
2015-10-04 09:00:00,Sunday,26,8,18
2015-10-04 10:00:00,Sunday,34,12,22
2015-10-04 11:00:00,Sunday,38,14,24
2015-10-04 12:00:00,Sunday,52,18,34
2015-10-04 13:00:00,Sunday,48,16,32
2015-10-04 14:00:00,Sunday,44,24,20
2015-10-04 15:00:00,Sunday,41,18,23
2015-10-04 16:00:00,Sunday,32,21,11
2015-10-04 17:00:00,Sunday,52,31,21
2015-10-04 18:00:00,Sunday,37,26,11
2015-10-04 19:00:00,Sunday,27,16,11
2015-10-04 20:00:00,Sunday,19,11,8
2015-10-04 21:00:00,Sunday,17,12,5
2015-10-04 22:00:00,Sunday,20,16,4
2015-10-04 23:00:00,Sunday,9,8,1
2015-10-05 00:00:00,Monday,4,4,0
2015-10-05 01:00:00,Monday,2,2,0
2015-10-05 02:00:00,Monday,1,0,1
2015-10-05 03:00:00,Monday,0,0,0
2015-10-05 04:00:00,Monday,3,2,1
2015-10-05 05:00:00,Monday,5,0,5
2015-10-05 06:00:00,Monday,54,7,47
2015-10-05 07:00:00,Monday,131,24,107
2015-10-05 08:00:00,Monday,314,54,260
2015-10-05 09:00:00,Monday,202,29,173
2015-10-05 10:00:00,Monday,71,26,45
2015-10-05 11:00:00,Monday,65,22,43
2015-10-05 12:00:00,Monday,63,28,35
2015-10-05 13:00:00,Monday,49,27,22
2015-10-05 14:00:00,Monday,55,29,26
2015-10-05 15:00:00,Monday,60,44,16
2015-10-05 16:00:00,Monday,111,84,27
2015-10-05 17:00:00,Monday,278,246,32
2015-10-05 18:00:00,Monday,258,227,31
2015-10-05 19:00:00,Monday,112,91,21
2015-10-05 20:00:00,Monday,65,48,17
2015-10-05 21:00:00,Monday,41,35,6
2015-10-05 22:00:00,Monday,30,24,6
2015-10-05 23:00:00,Monday,16,13,3
2015-10-06 00:00:00,Tuesday,3,3,0
2015-10-06 01:00:00,Tuesday,4,4,0
2015-10-06 02:00:00,Tuesday,2,1,1
2015-10-06 03:00:00,Tuesday,0,0,0
2015-10-06 04:00:00,Tuesday,1,0,1
2015-10-06 05:00:00,Tuesday,9,0,9
2015-10-06 06:00:00,Tuesday,40,4,36
2015-10-06 07:00:00,Tuesday,130,18,112
2015-10-06 08:00:00,Tuesday,320,44,276
2015-10-06 09:00:00,Tuesday,210,34,176
2015-10-06 10:00:00,Tuesday,95,29,66
2015-10-06 11:00:00,Tuesday,69,31,38
2015-10-06 12:00:00,Tuesday,62,20,42
2015-10-06 13:00:00,Tuesday,66,34,32
2015-10-06 14:00:00,Tuesday,75,45,30
2015-10-06 15:00:00,Tuesday,62,43,19
2015-10-06 16:00:00,Tuesday,129,94,35
2015-10-06 17:00:00,Tuesday,298,258,40
2015-10-06 18:00:00,Tuesday,246,210,36
2015-10-06 19:00:00,Tuesday,130,107,23
2015-10-06 20:00:00,Tuesday,79,68,11
2015-10-06 21:00:00,Tuesday,39,34,5
2015-10-06 22:00:00,Tuesday,33,29,4
2015-10-06 23:00:00,Tuesday,14,14,0
2015-10-07 00:00:00,Wednesday,9,8,1
2015-10-07 01:00:00,Wednesday,6,5,1
2015-10-07 02:00:00,Wednesday,3,2,1
2015-10-07 03:00:00,Wednesday,0,0,0
2015-10-07 04:00:00,Wednesday,0,0,0
2015-10-07 05:00:00,Wednesday,7,0,7
2015-10-07 06:00:00,Wednesday,52,5,47
2015-10-07 07:00:00,Wednesday,139,22,117
2015-10-07 08:00:00,Wednesday,350,66,284
2015-10-07 09:00:00,Wednesday,202,39,163
2015-10-07 10:00:00,Wednesday,73,20,53
2015-10-07 11:00:00,Wednesday,58,21,37
2015-10-07 12:00:00,Wednesday,71,30,41
2015-10-07 13:00:00,Wednesday,56,28,28
2015-10-07 14:00:00,Wednesday,75,43,32
2015-10-07 15:00:00,Wednesday,74,47,27
2015-10-07 16:00:00,Wednesday,138,106,32
2015-10-07 17:00:00,Wednesday,304,252,52
2015-10-07 18:00:00,Wednesday,270,232,38
2015-10-07 19:00:00,Wednesday,145,123,22
2015-10-07 20:00:00,Wednesday,57,47,10
2015-10-07 21:00:00,Wednesday,53,36,17
2015-10-07 22:00:00,Wednesday,40,30,10
2015-10-07 23:00:00,Wednesday,31,28,3
2015-10-08 00:00:00,Thursday,10,8,2
2015-10-08 01:00:00,Thursday,3,2,1
2015-10-08 02:00:00,Thursday,8,5,3
2015-10-08 03:00:00,Thursday,1,1,0
2015-10-08 04:00:00,Thursday,6,3,3
2015-10-08 05:00:00,Thursday,3,1,2
2015-10-08 06:00:00,Thursday,36,4,32
2015-10-08 07:00:00,Thursday,150,24,126
2015-10-08 08:00:00,Thursday,323,62,261
2015-10-08 09:00:00,Thursday,183,30,153
2015-10-08 10:00:00,Thursday,86,21,65
2015-10-08 11:00:00,Thursday,67,20,47
2015-10-08 12:00:00,Thursday,66,38,28
2015-10-08 13:00:00,Thursday,60,31,29
2015-10-08 14:00:00,Thursday,70,39,31
2015-10-08 15:00:00,Thursday,71,52,19
2015-10-08 16:00:00,Thursday,137,98,39
2015-10-08 17:00:00,Thursday,302,259,43
2015-10-08 18:00:00,Thursday,269,221,48
2015-10-08 19:00:00,Thursday,137,113,24
2015-10-08 20:00:00,Thursday,68,52,16
2015-10-08 21:00:00,Thursday,43,35,8
2015-10-08 22:00:00,Thursday,36,22,14
2015-10-08 23:00:00,Thursday,24,21,3
2015-10-09 00:00:00,Friday,9,8,1
2015-10-09 01:00:00,Friday,7,5,2
2015-10-09 02:00:00,Friday,6,6,0
2015-10-09 03:00:00,Friday,5,3,2
2015-10-09 04:00:00,Friday,1,0,1
2015-10-09 05:00:00,Friday,3,0,3
2015-10-09 06:00:00,Friday,26,3,23
2015-10-09 07:00:00,Friday,90,16,74
2015-10-09 08:00:00,Friday,240,40,200
2015-10-09 09:00:00,Friday,165,27,138
2015-10-09 10:00:00,Friday,62,22,40
2015-10-09 11:00:00,Friday,64,19,45
2015-10-09 12:00:00,Friday,60,37,23
2015-10-09 13:00:00,Friday,65,35,30
2015-10-09 14:00:00,Friday,68,38,30
2015-10-09 15:00:00,Friday,68,54,14
2015-10-09 16:00:00,Friday,109,88,21
2015-10-09 17:00:00,Friday,145,126,19
2015-10-09 18:00:00,Friday,103,84,19
2015-10-09 19:00:00,Friday,39,32,7
2015-10-09 20:00:00,Friday,27,19,8
2015-10-09 21:00:00,Friday,17,13,4
2015-10-09 22:00:00,Friday,13,11,2
2015-10-09 23:00:00,Friday,10,8,2
2015-10-10 00:00:00,Saturday,8,7,1
2015-10-10 01:00:00,Saturday,8,6,2
2015-10-10 02:00:00,Saturday,3,2,1
2015-10-10 03:00:00,Saturday,1,1,0
2015-10-10 04:00:00,Saturday,2,0,2
2015-10-10 05:00:00,Saturday,1,0,1
2015-10-10 06:00:00,Saturday,10,2,8
2015-10-10 07:00:00,Saturday,11,1,10
2015-10-10 08:00:00,Saturday,21,7,14
2015-10-10 09:00:00,Saturday,32,12,20
2015-10-10 10:00:00,Saturday,31,10,21
2015-10-10 11:00:00,Saturday,31,14,17
2015-10-10 12:00:00,Saturday,58,19,39
2015-10-10 13:00:00,Saturday,48,23,25
2015-10-10 14:00:00,Saturday,47,25,22
2015-10-10 15:00:00,Saturday,57,26,31
2015-10-10 16:00:00,Saturday,34,22,12
2015-10-10 17:00:00,Saturday,47,31,16
2015-10-10 18:00:00,Saturday,28,16,12
2015-10-10 19:00:00,Saturday,27,15,12
2015-10-10 20:00:00,Saturday,24,15,9
2015-10-10 21:00:00,Saturday,18,15,3
2015-10-10 22:00:00,Saturday,18,9,9
2015-10-10 23:00:00,Saturday,16,13,3
2015-10-11 00:00:00,Sunday,7,3,4
2015-10-11 01:00:00,Sunday,5,4,1
2015-10-11 02:00:00,Sunday,4,4,0
2015-10-11 03:00:00,Sunday,1,1,0
2015-10-11 04:00:00,Sunday,0,0,0
2015-10-11 05:00:00,Sunday,2,0,2
2015-10-11 06:00:00,Sunday,9,0,9
2015-10-11 07:00:00,Sunday,5,2,3
2015-10-11 08:00:00,Sunday,16,3,13
2015-10-11 09:00:00,Sunday,26,13,13
2015-10-11 10:00:00,Sunday,34,9,25
2015-10-11 11:00:00,Sunday,39,14,25
2015-10-11 12:00:00,Sunday,51,27,24
2015-10-11 13:00:00,Sunday,36,18,18
2015-10-11 14:00:00,Sunday,36,16,20
2015-10-11 15:00:00,Sunday,63,30,33
2015-10-11 16:00:00,Sunday,41,21,20
2015-10-11 17:00:00,Sunday,45,24,21
2015-10-11 18:00:00,Sunday,32,20,12
2015-10-11 19:00:00,Sunday,34,30,4
2015-10-11 20:00:00,Sunday,26,22,4
2015-10-11 21:00:00,Sunday,15,11,4
2015-10-11 22:00:00,Sunday,13,9,4
2015-10-11 23:00:00,Sunday,9,8,1
2015-10-12 00:00:00,Monday,6,6,0
2015-10-12 01:00:00,Monday,0,0,0
2015-10-12 02:00:00,Monday,2,2,0
2015-10-12 03:00:00,Monday,0,0,0
2015-10-12 04:00:00,Monday,1,0,1
2015-10-12 05:00:00,Monday,7,2,5
2015-10-12 06:00:00,Monday,20,3,17
2015-10-12 07:00:00,Monday,65,13,52
2015-10-12 08:00:00,Monday,127,26,101
2015-10-12 09:00:00,Monday,113,20,93
2015-10-12 10:00:00,Monday,72,25,47
2015-10-12 11:00:00,Monday,59,23,36
2015-10-12 12:00:00,Monday,70,33,37
2015-10-12 13:00:00,Monday,68,38,30
2015-10-12 14:00:00,Monday,72,37,35
2015-10-12 15:00:00,Monday,77,51,26
2015-10-12 16:00:00,Monday,107,82,25
2015-10-12 17:00:00,Monday,168,132,36
2015-10-12 18:00:00,Monday,119,97,22
2015-10-12 19:00:00,Monday,64,51,13
2015-10-12 20:00:00,Monday,44,35,9
2015-10-12 21:00:00,Monday,24,20,4
2015-10-12 22:00:00,Monday,21,17,4
2015-10-12 23:00:00,Monday,11,8,3
2015-10-13 00:00:00,Tuesday,3,1,2
2015-10-13 01:00:00,Tuesday,5,5,0
2015-10-13 02:00:00,Tuesday,2,1,1
2015-10-13 03:00:00,Tuesday,2,2,0
2015-10-13 04:00:00,Tuesday,4,1,3
2015-10-13 05:00:00,Tuesday,10,1,9
2015-10-13 06:00:00,Tuesday,45,6,39
2015-10-13 07:00:00,Tuesday,98,16,82
2015-10-13 08:00:00,Tuesday,156,16,140
2015-10-13 09:00:00,Tuesday,153,33,120
2015-10-13 10:00:00,Tuesday,46,14,32
2015-10-13 11:00:00,Tuesday,41,21,20
2015-10-13 12:00:00,Tuesday,48,23,25
2015-10-13 13:00:00,Tuesday,41,16,25
2015-10-13 14:00:00,Tuesday,43,22,21
2015-10-13 15:00:00,Tuesday,58,37,21
2015-10-13 16:00:00,Tuesday,83,62,21
2015-10-13 17:00:00,Tuesday,191,164,27
2015-10-13 18:00:00,Tuesday,173,148,25
2015-10-13 19:00:00,Tuesday,93,84,9
2015-10-13 20:00:00,Tuesday,55,36,19
2015-10-13 21:00:00,Tuesday,33,28,5
2015-10-13 22:00:00,Tuesday,24,21,3
2015-10-13 23:00:00,Tuesday,15,11,4
2015-10-14 00:00:00,Wednesday,9,8,1
2015-10-14 01:00:00,Wednesday,4,4,0
2015-10-14 02:00:00,Wednesday,2,1,1
2015-10-14 03:00:00,Wednesday,0,0,0
2015-10-14 04:00:00,Wednesday,2,2,0
2015-10-14 05:00:00,Wednesday,9,0,9
2015-10-14 06:00:00,Wednesday,43,5,38
2015-10-14 07:00:00,Wednesday,142,32,110
2015-10-14 08:00:00,Wednesday,349,55,294
2015-10-14 09:00:00,Wednesday,234,45,189
2015-10-14 10:00:00,Wednesday,83,24,59
2015-10-14 11:00:00,Wednesday,66,20,46
2015-10-14 12:00:00,Wednesday,79,38,41
2015-10-14 13:00:00,Wednesday,60,28,32
2015-10-14 14:00:00,Wednesday,68,46,22
2015-10-14 15:00:00,Wednesday,60,37,23
2015-10-14 16:00:00,Wednesday,122,92,30
2015-10-14 17:00:00,Wednesday,290,256,34
2015-10-14 18:00:00,Wednesday,219,178,41
2015-10-14 19:00:00,Wednesday,135,113,22
2015-10-14 20:00:00,Wednesday,71,61,10
2015-10-14 21:00:00,Wednesday,54,47,7
2015-10-14 22:00:00,Wednesday,39,30,9
2015-10-14 23:00:00,Wednesday,26,20,6
2015-10-15 00:00:00,Thursday,11,9,2
2015-10-15 01:00:00,Thursday,5,3,2
2015-10-15 02:00:00,Thursday,4,3,1
2015-10-15 03:00:00,Thursday,0,0,0
2015-10-15 04:00:00,Thursday,0,0,0
2015-10-15 05:00:00,Thursday,13,0,13
2015-10-15 06:00:00,Thursday,38,5,33
2015-10-15 07:00:00,Thursday,123,22,101
2015-10-15 08:00:00,Thursday,322,45,277
2015-10-15 09:00:00,Thursday,219,39,180
2015-10-15 10:00:00,Thursday,91,25,66
2015-10-15 11:00:00,Thursday,66,35,31
2015-10-15 12:00:00,Thursday,65,30,35
2015-10-15 13:00:00,Thursday,80,36,44
2015-10-15 14:00:00,Thursday,50,26,24
2015-10-15 15:00:00,Thursday,69,44,25
2015-10-15 16:00:00,Thursday,136,98,38
2015-10-15 17:00:00,Thursday,270,223,47
2015-10-15 18:00:00,Thursday,253,216,37
2015-10-15 19:00:00,Thursday,120,104,16
2015-10-15 20:00:00,Thursday,70,58,12
2015-10-15 21:00:00,Thursday,51,41,10
2015-10-15 22:00:00,Thursday,40,32,8
2015-10-15 23:00:00,Thursday,28,21,7
2015-10-16 00:00:00,Friday,9,8,1
2015-10-16 01:00:00,Friday,5,3,2
2015-10-16 02:00:00,Friday,2,2,0
2015-10-16 03:00:00,Friday,2,1,1
2015-10-16 04:00:00,Friday,2,0,2
2015-10-16 05:00:00,Friday,11,3,8
2015-10-16 06:00:00,Friday,35,7,28
2015-10-16 07:00:00,Friday,85,14,71
2015-10-16 08:00:00,Friday,271,44,227
2015-10-16 09:00:00,Friday,154,28,126
2015-10-16 10:00:00,Friday,77,18,59
2015-10-16 11:00:00,Friday,51,20,31
2015-10-16 12:00:00,Friday,82,39,43
2015-10-16 13:00:00,Friday,54,32,22
2015-10-16 14:00:00,Friday,67,49,18
2015-10-16 15:00:00,Friday,77,56,21
2015-10-16 16:00:00,Friday,121,85,36
2015-10-16 17:00:00,Friday,233,203,30
2015-10-16 18:00:00,Friday,213,175,38
2015-10-16 19:00:00,Friday,92,71,21
2015-10-16 20:00:00,Friday,42,32,10
2015-10-16 21:00:00,Friday,39,30,9
2015-10-16 22:00:00,Friday,19,13,6
2015-10-16 23:00:00,Friday,20,15,5
2015-10-17 00:00:00,Saturday,16,13,3
2015-10-17 01:00:00,Saturday,7,6,1
2015-10-17 02:00:00,Saturday,5,5,0
2015-10-17 03:00:00,Saturday,1,0,1
2015-10-17 04:00:00,Saturday,1,0,1
2015-10-17 05:00:00,Saturday,0,0,0
2015-10-17 06:00:00,Saturday,6,1,5
2015-10-17 07:00:00,Saturday,16,5,11
2015-10-17 08:00:00,Saturday,17,5,12
2015-10-17 09:00:00,Saturday,28,10,18
2015-10-17 10:00:00,Saturday,29,14,15
2015-10-17 11:00:00,Saturday,38,15,23
2015-10-17 12:00:00,Saturday,62,21,41
2015-10-17 13:00:00,Saturday,44,25,19
2015-10-17 14:00:00,Saturday,44,14,30
2015-10-17 15:00:00,Saturday,43,22,21
2015-10-17 16:00:00,Saturday,42,26,16
2015-10-17 17:00:00,Saturday,40,22,18
2015-10-17 18:00:00,Saturday,38,22,16
2015-10-17 19:00:00,Saturday,33,23,10
2015-10-17 20:00:00,Saturday,29,20,9
2015-10-17 21:00:00,Saturday,22,12,10
2015-10-17 22:00:00,Saturday,8,8,0
2015-10-17 23:00:00,Saturday,20,17,3
2015-10-18 00:00:00,Sunday,15,8,7
2015-10-18 01:00:00,Sunday,4,1,3
2015-10-18 02:00:00,Sunday,4,3,1
2015-10-18 03:00:00,Sunday,4,4,0
2015-10-18 04:00:00,Sunday,1,0,1
2015-10-18 05:00:00,Sunday,3,2,1
2015-10-18 06:00:00,Sunday,6,0,6
2015-10-18 07:00:00,Sunday,13,2,11
2015-10-18 08:00:00,Sunday,13,3,10
2015-10-18 09:00:00,Sunday,27,13,14
2015-10-18 10:00:00,Sunday,26,8,18
2015-10-18 11:00:00,Sunday,38,16,22
2015-10-18 12:00:00,Sunday,32,11,21
2015-10-18 13:00:00,Sunday,28,15,13
2015-10-18 14:00:00,Sunday,37,20,17
2015-10-18 15:00:00,Sunday,33,18,15
2015-10-18 16:00:00,Sunday,31,18,13
2015-10-18 17:00:00,Sunday,19,13,6
2015-10-18 18:00:00,Sunday,29,20,9
2015-10-18 19:00:00,Sunday,29,21,8
2015-10-18 20:00:00,Sunday,13,11,2
2015-10-18 21:00:00,Sunday,15,9,6
2015-10-18 22:00:00,Sunday,13,8,5
2015-10-18 23:00:00,Sunday,5,3,2
2015-10-19 00:00:00,Monday,4,4,0
2015-10-19 01:00:00,Monday,0,0,0
2015-10-19 02:00:00,Monday,0,0,0
2015-10-19 03:00:00,Monday,0,0,0
2015-10-19 04:00:00,Monday,1,1,0
2015-10-19 05:00:00,Monday,6,1,5
2015-10-19 06:00:00,Monday,33,7,26
2015-10-19 07:00:00,Monday,82,12,70
2015-10-19 08:00:00,Monday,245,44,201
2015-10-19 09:00:00,Monday,183,37,146
2015-10-19 10:00:00,Monday,75,22,53
2015-10-19 11:00:00,Monday,55,17,38
2015-10-19 12:00:00,Monday,50,22,28
2015-10-19 13:00:00,Monday,42,21,21
2015-10-19 14:00:00,Monday,48,32,16
2015-10-19 15:00:00,Monday,53,35,18
2015-10-19 16:00:00,Monday,113,88,25
2015-10-19 17:00:00,Monday,243,206,37
2015-10-19 18:00:00,Monday,206,183,23
2015-10-19 19:00:00,Monday,98,83,15
2015-10-19 20:00:00,Monday,57,44,13
2015-10-19 21:00:00,Monday,40,32,8
2015-10-19 22:00:00,Monday,35,25,10
2015-10-19 23:00:00,Monday,6,6,0
2015-10-20 00:00:00,Tuesday,9,7,2
2015-10-20 01:00:00,Tuesday,2,2,0
2015-10-20 02:00:00,Tuesday,4,2,2
2015-10-20 03:00:00,Tuesday,1,1,0
2015-10-20 04:00:00,Tuesday,3,1,2
2015-10-20 05:00:00,Tuesday,10,1,9
2015-10-20 06:00:00,Tuesday,38,5,33
2015-10-20 07:00:00,Tuesday,107,13,94
2015-10-20 08:00:00,Tuesday,299,44,255
2015-10-20 09:00:00,Tuesday,182,39,143
2015-10-20 10:00:00,Tuesday,94,25,69
2015-10-20 11:00:00,Tuesday,56,21,35
2015-10-20 12:00:00,Tuesday,51,28,23
2015-10-20 13:00:00,Tuesday,44,23,21
2015-10-20 14:00:00,Tuesday,59,34,25
2015-10-20 15:00:00,Tuesday,51,40,11
2015-10-20 16:00:00,Tuesday,125,91,34
2015-10-20 17:00:00,Tuesday,260,220,40
2015-10-20 18:00:00,Tuesday,210,179,31
2015-10-20 19:00:00,Tuesday,102,84,18
2015-10-20 20:00:00,Tuesday,61,51,10
2015-10-20 21:00:00,Tuesday,61,47,14
2015-10-20 22:00:00,Tuesday,32,27,5
2015-10-20 23:00:00,Tuesday,16,13,3
2015-10-21 00:00:00,Wednesday,6,3,3
2015-10-21 01:00:00,Wednesday,4,3,1
2015-10-21 02:00:00,Wednesday,2,1,1
2015-10-21 03:00:00,Wednesday,1,1,0
2015-10-21 04:00:00,Wednesday,1,0,1
2015-10-21 05:00:00,Wednesday,8,0,8
2015-10-21 06:00:00,Wednesday,38,4,34
2015-10-21 07:00:00,Wednesday,121,15,106
2015-10-21 08:00:00,Wednesday,273,47,226
2015-10-21 09:00:00,Wednesday,150,21,129
2015-10-21 10:00:00,Wednesday,63,15,48
2015-10-21 11:00:00,Wednesday,54,17,37
2015-10-21 12:00:00,Wednesday,43,20,23
2015-10-21 13:00:00,Wednesday,53,34,19
2015-10-21 14:00:00,Wednesday,51,26,25
2015-10-21 15:00:00,Wednesday,55,35,20
2015-10-21 16:00:00,Wednesday,119,86,33
2015-10-21 17:00:00,Wednesday,236,206,30
2015-10-21 18:00:00,Wednesday,207,171,36
2015-10-21 19:00:00,Wednesday,95,74,21
2015-10-21 20:00:00,Wednesday,66,53,13
2015-10-21 21:00:00,Wednesday,48,33,15
2015-10-21 22:00:00,Wednesday,27,23,4
2015-10-21 23:00:00,Wednesday,25,18,7
2015-10-22 00:00:00,Thursday,8,6,2
2015-10-22 01:00:00,Thursday,4,2,2
2015-10-22 02:00:00,Thursday,3,2,1
2015-10-22 03:00:00,Thursday,3,3,0
2015-10-22 04:00:00,Thursday,3,1,2
2015-10-22 05:00:00,Thursday,5,1,4
2015-10-22 06:00:00,Thursday,37,8,29
2015-10-22 07:00:00,Thursday,107,17,90
2015-10-22 08:00:00,Thursday,290,49,241
2015-10-22 09:00:00,Thursday,187,31,156
2015-10-22 10:00:00,Thursday,91,20,71
2015-10-22 11:00:00,Thursday,57,20,37
2015-10-22 12:00:00,Thursday,75,34,41
2015-10-22 13:00:00,Thursday,54,26,28
2015-10-22 14:00:00,Thursday,55,26,29
2015-10-22 15:00:00,Thursday,52,32,20
2015-10-22 16:00:00,Thursday,137,97,40
2015-10-22 17:00:00,Thursday,296,227,69
2015-10-22 18:00:00,Thursday,227,181,46
2015-10-22 19:00:00,Thursday,120,101,19
2015-10-22 20:00:00,Thursday,63,54,9
2015-10-22 21:00:00,Thursday,40,33,7
2015-10-22 22:00:00,Thursday,29,24,5
2015-10-22 23:00:00,Thursday,23,16,7
2015-10-23 00:00:00,Friday,9,8,1
2015-10-23 01:00:00,Friday,7,5,2
2015-10-23 02:00:00,Friday,5,3,2
2015-10-23 03:00:00,Friday,2,2,0
2015-10-23 04:00:00,Friday,2,0,2
2015-10-23 05:00:00,Friday,10,2,8
2015-10-23 06:00:00,Friday,26,5,21
2015-10-23 07:00:00,Friday,98,20,78
2015-10-23 08:00:00,Friday,288,54,234
2015-10-23 09:00:00,Friday,164,28,136
2015-10-23 10:00:00,Friday,67,18,49
2015-10-23 11:00:00,Friday,58,17,41
2015-10-23 12:00:00,Friday,54,26,28
2015-10-23 13:00:00,Friday,49,33,16
2015-10-23 14:00:00,Friday,58,39,19
2015-10-23 15:00:00,Friday,73,48,25
2015-10-23 16:00:00,Friday,112,83,29
2015-10-23 17:00:00,Friday,245,210,35
2015-10-23 18:00:00,Friday,187,162,25
2015-10-23 19:00:00,Friday,80,65,15
2015-10-23 20:00:00,Friday,47,31,16
2015-10-23 21:00:00,Friday,33,24,9
2015-10-23 22:00:00,Friday,30,21,9
2015-10-23 23:00:00,Friday,16,15,1
2015-10-24 00:00:00,Saturday,11,10,1
2015-10-24 01:00:00,Saturday,8,6,2
2015-10-24 02:00:00,Saturday,3,3,0
2015-10-24 03:00:00,Saturday,2,1,1
2015-10-24 04:00:00,Saturday,2,2,0
2015-10-24 05:00:00,Saturday,4,0,4
2015-10-24 06:00:00,Saturday,6,2,4
2015-10-24 07:00:00,Saturday,10,2,8
2015-10-24 08:00:00,Saturday,20,5,15
2015-10-24 09:00:00,Saturday,33,11,22
2015-10-24 10:00:00,Saturday,36,10,26
2015-10-24 11:00:00,Saturday,40,15,25
2015-10-24 12:00:00,Saturday,41,14,27
2015-10-24 13:00:00,Saturday,48,22,26
2015-10-24 14:00:00,Saturday,47,28,19
2015-10-24 15:00:00,Saturday,46,27,19
2015-10-24 16:00:00,Saturday,32,16,16
2015-10-24 17:00:00,Saturday,29,19,10
2015-10-24 18:00:00,Saturday,25,15,10
2015-10-24 19:00:00,Saturday,26,17,9
2015-10-24 20:00:00,Saturday,19,14,5
2015-10-24 21:00:00,Saturday,20,12,8
2015-10-24 22:00:00,Saturday,15,10,5
2015-10-24 23:00:00,Saturday,13,10,3
2015-10-25 00:00:00,Sunday,12,7,5
2015-10-25 01:00:00,Sunday,7,6,1
2015-10-25 02:00:00,Sunday,4,4,0
2015-10-25 03:00:00,Sunday,2,1,1
2015-10-25 04:00:00,Sunday,0,0,0
2015-10-25 05:00:00,Sunday,2,0,2
2015-10-25 06:00:00,Sunday,4,0,4
2015-10-25 07:00:00,Sunday,4,3,1
2015-10-25 08:00:00,Sunday,12,3,9
2015-10-25 09:00:00,Sunday,14,6,8
2015-10-25 10:00:00,Sunday,30,12,18
2015-10-25 11:00:00,Sunday,25,8,17
2015-10-25 12:00:00,Sunday,36,11,25
2015-10-25 13:00:00,Sunday,32,14,18
2015-10-25 14:00:00,Sunday,25,8,17
2015-10-25 15:00:00,Sunday,40,20,20
2015-10-25 16:00:00,Sunday,35,16,19
2015-10-25 17:00:00,Sunday,30,18,12
2015-10-25 18:00:00,Sunday,44,31,13
2015-10-25 19:00:00,Sunday,27,18,9
2015-10-25 20:00:00,Sunday,21,12,9
2015-10-25 21:00:00,Sunday,5,3,2
2015-10-25 22:00:00,Sunday,11,10,1
2015-10-25 23:00:00,Sunday,11,8,3
2015-10-26 00:00:00,Monday,6,6,0
2015-10-26 01:00:00,Monday,2,2,0
2015-10-26 02:00:00,Monday,2,1,1
2015-10-26 03:00:00,Monday,2,0,2
2015-10-26 04:00:00,Monday,0,0,0
2015-10-26 05:00:00,Monday,9,0,9
2015-10-26 06:00:00,Monday,39,5,34
2015-10-26 07:00:00,Monday,108,16,92
2015-10-26 08:00:00,Monday,298,46,252
2015-10-26 09:00:00,Monday,183,34,149
2015-10-26 10:00:00,Monday,73,21,52
2015-10-26 11:00:00,Monday,51,21,30
2015-10-26 12:00:00,Monday,60,23,37
2015-10-26 13:00:00,Monday,58,31,27
2015-10-26 14:00:00,Monday,54,31,23
2015-10-26 15:00:00,Monday,69,47,22
2015-10-26 16:00:00,Monday,121,100,21
2015-10-26 17:00:00,Monday,257,228,29
2015-10-26 18:00:00,Monday,256,214,42
2015-10-26 19:00:00,Monday,117,98,19
2015-10-26 20:00:00,Monday,59,49,10
2015-10-26 21:00:00,Monday,33,25,8
2015-10-26 22:00:00,Monday,25,21,4
2015-10-26 23:00:00,Monday,16,10,6
2015-10-27 00:00:00,Tuesday,4,3,1
2015-10-27 01:00:00,Tuesday,2,1,1
2015-10-27 02:00:00,Tuesday,6,6,0
2015-10-27 03:00:00,Tuesday,1,0,1
2015-10-27 04:00:00,Tuesday,2,0,2
2015-10-27 05:00:00,Tuesday,6,2,4
2015-10-27 06:00:00,Tuesday,33,9,24
2015-10-27 07:00:00,Tuesday,115,12,103
2015-10-27 08:00:00,Tuesday,304,50,254
2015-10-27 09:00:00,Tuesday,191,33,158
2015-10-27 10:00:00,Tuesday,90,24,66
2015-10-27 11:00:00,Tuesday,63,26,37
2015-10-27 12:00:00,Tuesday,55,28,27
2015-10-27 13:00:00,Tuesday,59,26,33
2015-10-27 14:00:00,Tuesday,55,36,19
2015-10-27 15:00:00,Tuesday,53,34,19
2015-10-27 16:00:00,Tuesday,117,90,27
2015-10-27 17:00:00,Tuesday,276,235,41
2015-10-27 18:00:00,Tuesday,231,191,40
2015-10-27 19:00:00,Tuesday,111,95,16
2015-10-27 20:00:00,Tuesday,74,63,11
2015-10-27 21:00:00,Tuesday,49,37,12
2015-10-27 22:00:00,Tuesday,41,30,11
2015-10-27 23:00:00,Tuesday,17,14,3
2015-10-28 00:00:00,Wednesday,10,8,2
2015-10-28 01:00:00,Wednesday,6,4,2
2015-10-28 02:00:00,Wednesday,5,5,0
2015-10-28 03:00:00,Wednesday,0,0,0
2015-10-28 04:00:00,Wednesday,1,1,0
2015-10-28 05:00:00,Wednesday,7,1,6
2015-10-28 06:00:00,Wednesday,37,6,31
2015-10-28 07:00:00,Wednesday,75,11,64
2015-10-28 08:00:00,Wednesday,275,57,218
2015-10-28 09:00:00,Wednesday,171,31,140
2015-10-28 10:00:00,Wednesday,77,18,59
2015-10-28 11:00:00,Wednesday,49,26,23
2015-10-28 12:00:00,Wednesday,56,25,31
2015-10-28 13:00:00,Wednesday,41,21,20
2015-10-28 14:00:00,Wednesday,58,36,22
2015-10-28 15:00:00,Wednesday,52,39,13
2015-10-28 16:00:00,Wednesday,65,53,12
2015-10-28 17:00:00,Wednesday,149,131,18
2015-10-28 18:00:00,Wednesday,98,89,9
2015-10-28 19:00:00,Wednesday,40,30,10
2015-10-28 20:00:00,Wednesday,34,33,1
2015-10-28 21:00:00,Wednesday,19,14,5
2015-10-28 22:00:00,Wednesday,8,8,0
2015-10-28 23:00:00,Wednesday,18,11,7
2015-10-29 00:00:00,Thursday,3,3,0
2015-10-29 01:00:00,Thursday,2,2,0
2015-10-29 02:00:00,Thursday,1,0,1
2015-10-29 03:00:00,Thursday,1,0,1
2015-10-29 04:00:00,Thursday,3,0,3
2015-10-29 05:00:00,Thursday,2,0,2
2015-10-29 06:00:00,Thursday,17,0,17
2015-10-29 07:00:00,Thursday,40,3,37
2015-10-29 08:00:00,Thursday,140,10,130
2015-10-29 09:00:00,Thursday,111,17,94
2015-10-29 10:00:00,Thursday,62,20,42
2015-10-29 11:00:00,Thursday,47,13,34
2015-10-29 12:00:00,Thursday,53,27,26
2015-10-29 13:00:00,Thursday,30,9,21
2015-10-29 14:00:00,Thursday,54,25,29
2015-10-29 15:00:00,Thursday,63,41,22
2015-10-29 16:00:00,Thursday,88,61,27
2015-10-29 17:00:00,Thursday,221,176,45
2015-10-29 18:00:00,Thursday,184,149,35
2015-10-29 19:00:00,Thursday,97,81,16
2015-10-29 20:00:00,Thursday,55,39,16
2015-10-29 21:00:00,Thursday,38,30,8
2015-10-29 22:00:00,Thursday,34,23,11
2015-10-29 23:00:00,Thursday,22,18,4
2015-10-30 00:00:00,Friday,6,6,0
2015-10-30 01:00:00,Friday,3,2,1
2015-10-30 02:00:00,Friday,4,4,0
2015-10-30 03:00:00,Friday,0,0,0
2015-10-30 04:00:00,Friday,2,0,2
2015-10-30 05:00:00,Friday,4,0,4
2015-10-30 06:00:00,Friday,34,6,28
2015-10-30 07:00:00,Friday,97,11,86
2015-10-30 08:00:00,Friday,262,44,218
2015-10-30 09:00:00,Friday,164,35,129
2015-10-30 10:00:00,Friday,71,16,55
2015-10-30 11:00:00,Friday,64,25,39
2015-10-30 12:00:00,Friday,61,26,35
2015-10-30 13:00:00,Friday,71,41,30
2015-10-30 14:00:00,Friday,58,32,26
2015-10-30 15:00:00,Friday,95,72,23
2015-10-30 16:00:00,Friday,114,84,30
2015-10-30 17:00:00,Friday,229,196,33
2015-10-30 18:00:00,Friday,184,151,33
2015-10-30 19:00:00,Friday,89,70,19
2015-10-30 20:00:00,Friday,46,39,7
2015-10-30 21:00:00,Friday,41,32,9
2015-10-30 22:00:00,Friday,24,22,2
2015-10-30 23:00:00,Friday,29,25,4
2015-10-31 00:00:00,Saturday,16,13,3
2015-10-31 01:00:00,Saturday,6,5,1
2015-10-31 02:00:00,Saturday,5,5,0
2015-10-31 03:00:00,Saturday,2,1,1
2015-10-31 04:00:00,Saturday,1,0,1
2015-10-31 05:00:00,Saturday,3,0,3
2015-10-31 06:00:00,Saturday,1,0,1
2015-10-31 07:00:00,Saturday,16,4,12
2015-10-31 08:00:00,Saturday,15,1,14
2015-10-31 09:00:00,Saturday,18,5,13
2015-10-31 10:00:00,Saturday,35,12,23
2015-10-31 11:00:00,Saturday,43,19,24
2015-10-31 12:00:00,Saturday,29,16,13
2015-10-31 13:00:00,Saturday,55,22,33
2015-10-31 14:00:00,Saturday,48,19,29
2015-10-31 15:00:00,Saturday,47,21,26
2015-10-31 16:00:00,Saturday,42,22,20
2015-10-31 17:00:00,Saturday,38,25,13
2015-10-31 18:00:00,Saturday,64,17,47
2015-10-31 19:00:00,Saturday,39,17,22
2015-10-31 20:00:00,Saturday,23,8,15
2015-10-31 21:00:00,Saturday,17,9,8
2015-10-31 22:00:00,Saturday,28,21,7
2015-10-31 23:00:00,Saturday,25,16,9
2015-11-01 00:00:00,Sunday,16,14,2
2015-11-01 01:00:00,Sunday,14,11,3
2015-11-01 02:00:00,Sunday,1,0,1
2015-11-01 03:00:00,Sunday,1,1,0
2015-11-01 04:00:00,Sunday,0,0,0
2015-11-01 05:00:00,Sunday,3,0,3
2015-11-01 06:00:00,Sunday,2,1,1
2015-11-01 07:00:00,Sunday,10,6,4
2015-11-01 08:00:00,Sunday,14,1,13
2015-11-01 09:00:00,Sunday,20,6,14
2015-11-01 10:00:00,Sunday,31,8,23
2015-11-01 11:00:00,Sunday,42,19,23
2015-11-01 12:00:00,Sunday,30,16,14
2015-11-01 13:00:00,Sunday,36,19,17
2015-11-01 14:00:00,Sunday,31,13,18
2015-11-01 15:00:00,Sunday,47,31,16
2015-11-01 16:00:00,Sunday,38,23,15
2015-11-01 17:00:00,Sunday,28,22,6
2015-11-01 18:00:00,Sunday,28,14,14
2015-11-01 19:00:00,Sunday,24,17,7
2015-11-01 20:00:00,Sunday,15,9,6
2015-11-01 21:00:00,Sunday,12,8,4
2015-11-01 22:00:00,Sunday,10,7,3
2015-11-01 23:00:00,Sunday,4,3,1
2015-11-02 00:00:00,Monday,1,1,0
2015-11-02 01:00:00,Monday,2,1,1
2015-11-02 02:00:00,Monday,1,0,1
2015-11-02 03:00:00,Monday,0,0,0
2015-11-02 04:00:00,Monday,0,0,0
2015-11-02 05:00:00,Monday,9,1,8
2015-11-02 06:00:00,Monday,35,5,30
2015-11-02 07:00:00,Monday,160,22,138
2015-11-02 08:00:00,Monday,303,47,256
2015-11-02 09:00:00,Monday,176,30,146
2015-11-02 10:00:00,Monday,72,20,52
2015-11-02 11:00:00,Monday,53,23,30
2015-11-02 12:00:00,Monday,59,23,36
2015-11-02 13:00:00,Monday,66,40,26
2015-11-02 14:00:00,Monday,71,40,31
2015-11-02 15:00:00,Monday,63,46,17
2015-11-02 16:00:00,Monday,119,98,21
2015-11-02 17:00:00,Monday,264,236,28
2015-11-02 18:00:00,Monday,213,179,34
2015-11-02 19:00:00,Monday,129,117,12
2015-11-02 20:00:00,Monday,56,49,7
2015-11-02 21:00:00,Monday,30,25,5
2015-11-02 22:00:00,Monday,22,19,3
2015-11-02 23:00:00,Monday,9,5,4
2015-11-03 00:00:00,Tuesday,4,4,0
2015-11-03 01:00:00,Tuesday,4,2,2
2015-11-03 02:00:00,Tuesday,1,0,1
2015-11-03 03:00:00,Tuesday,0,0,0
2015-11-03 04:00:00,Tuesday,3,0,3
2015-11-03 05:00:00,Tuesday,8,2,6
2015-11-03 06:00:00,Tuesday,44,6,38
2015-11-03 07:00:00,Tuesday,145,21,124
2015-11-03 08:00:00,Tuesday,341,49,292
2015-11-03 09:00:00,Tuesday,186,38,148
2015-11-03 10:00:00,Tuesday,89,25,64
2015-11-03 11:00:00,Tuesday,69,25,44
2015-11-03 12:00:00,Tuesday,54,20,34
2015-11-03 13:00:00,Tuesday,51,31,20
2015-11-03 14:00:00,Tuesday,69,34,35
2015-11-03 15:00:00,Tuesday,69,42,27
2015-11-03 16:00:00,Tuesday,134,104,30
2015-11-03 17:00:00,Tuesday,287,244,43
2015-11-03 18:00:00,Tuesday,222,183,39
2015-11-03 19:00:00,Tuesday,140,115,25
2015-11-03 20:00:00,Tuesday,73,64,9
2015-11-03 21:00:00,Tuesday,38,27,11
2015-11-03 22:00:00,Tuesday,38,31,7
2015-11-03 23:00:00,Tuesday,19,16,3
2015-11-04 00:00:00,Wednesday,19,15,4
2015-11-04 01:00:00,Wednesday,1,1,0
2015-11-04 02:00:00,Wednesday,5,3,2
2015-11-04 03:00:00,Wednesday,0,0,0
2015-11-04 04:00:00,Wednesday,1,0,1
2015-11-04 05:00:00,Wednesday,7,1,6
2015-11-04 06:00:00,Wednesday,46,4,42
2015-11-04 07:00:00,Wednesday,151,23,128
2015-11-04 08:00:00,Wednesday,321,54,267
2015-11-04 09:00:00,Wednesday,205,38,167
2015-11-04 10:00:00,Wednesday,74,21,53
2015-11-04 11:00:00,Wednesday,66,24,42
2015-11-04 12:00:00,Wednesday,60,36,24
2015-11-04 13:00:00,Wednesday,34,5,29
2015-11-04 14:00:00,Wednesday,62,30,32
2015-11-04 15:00:00,Wednesday,66,43,23
2015-11-04 16:00:00,Wednesday,129,94,35
2015-11-04 17:00:00,Wednesday,269,225,44
2015-11-04 18:00:00,Wednesday,233,192,41
2015-11-04 19:00:00,Wednesday,134,114,20
2015-11-04 20:00:00,Wednesday,52,40,12
2015-11-04 21:00:00,Wednesday,54,44,10
2015-11-04 22:00:00,Wednesday,19,15,4
2015-11-04 23:00:00,Wednesday,20,17,3
2015-11-05 00:00:00,Thursday,15,12,3
2015-11-05 01:00:00,Thursday,5,4,1
2015-11-05 02:00:00,Thursday,2,0,2
2015-11-05 03:00:00,Thursday,1,0,1
2015-11-05 04:00:00,Thursday,2,0,2
2015-11-05 05:00:00,Thursday,5,0,5
2015-11-05 06:00:00,Thursday,42,5,37
2015-11-05 07:00:00,Thursday,138,20,118
2015-11-05 08:00:00,Thursday,307,50,257
2015-11-05 09:00:00,Thursday,181,38,143
2015-11-05 10:00:00,Thursday,84,24,60
2015-11-05 11:00:00,Thursday,60,22,38
2015-11-05 12:00:00,Thursday,82,39,43
2015-11-05 13:00:00,Thursday,49,22,27
2015-11-05 14:00:00,Thursday,72,45,27
2015-11-05 15:00:00,Thursday,65,41,24
2015-11-05 16:00:00,Thursday,122,85,37
2015-11-05 17:00:00,Thursday,290,235,55
2015-11-05 18:00:00,Thursday,200,158,42
2015-11-05 19:00:00,Thursday,118,93,25
2015-11-05 20:00:00,Thursday,78,65,13
2015-11-05 21:00:00,Thursday,51,48,3
2015-11-05 22:00:00,Thursday,34,25,9
2015-11-05 23:00:00,Thursday,15,14,1
2015-11-06 00:00:00,Friday,14,11,3
2015-11-06 01:00:00,Friday,3,1,2
2015-11-06 02:00:00,Friday,2,1,1
2015-11-06 03:00:00,Friday,2,2,0
2015-11-06 04:00:00,Friday,1,0,1
2015-11-06 05:00:00,Friday,9,0,9
2015-11-06 06:00:00,Friday,45,5,40
2015-11-06 07:00:00,Friday,122,18,104
2015-11-06 08:00:00,Friday,309,42,267
2015-11-06 09:00:00,Friday,166,32,134
2015-11-06 10:00:00,Friday,77,26,51
2015-11-06 11:00:00,Friday,62,27,35
2015-11-06 12:00:00,Friday,62,27,35
2015-11-06 13:00:00,Friday,62,35,27
2015-11-06 14:00:00,Friday,71,46,25
2015-11-06 15:00:00,Friday,97,68,29
2015-11-06 16:00:00,Friday,130,103,27
2015-11-06 17:00:00,Friday,253,219,34
2015-11-06 18:00:00,Friday,190,155,35
2015-11-06 19:00:00,Friday,83,61,22
2015-11-06 20:00:00,Friday,52,41,11
2015-11-06 21:00:00,Friday,23,16,7
2015-11-06 22:00:00,Friday,30,21,9
2015-11-06 23:00:00,Friday,23,19,4
2015-11-07 00:00:00,Saturday,11,6,5
2015-11-07 01:00:00,Saturday,10,6,4
2015-11-07 02:00:00,Saturday,7,7,0
2015-11-07 03:00:00,Saturday,0,0,0
2015-11-07 04:00:00,Saturday,0,0,0
2015-11-07 05:00:00,Saturday,2,0,2
2015-11-07 06:00:00,Saturday,8,2,6
2015-11-07 07:00:00,Saturday,19,1,18
2015-11-07 08:00:00,Saturday,17,7,10
2015-11-07 09:00:00,Saturday,39,14,25
2015-11-07 10:00:00,Saturday,47,19,28
2015-11-07 11:00:00,Saturday,40,18,22
2015-11-07 12:00:00,Saturday,51,22,29
2015-11-07 13:00:00,Saturday,55,28,27
2015-11-07 14:00:00,Saturday,38,15,23
2015-11-07 15:00:00,Saturday,38,20,18
2015-11-07 16:00:00,Saturday,32,19,13
2015-11-07 17:00:00,Saturday,29,14,15
2015-11-07 18:00:00,Saturday,37,21,16
2015-11-07 19:00:00,Saturday,27,16,11
2015-11-07 20:00:00,Saturday,15,13,2
2015-11-07 21:00:00,Saturday,17,11,6
2015-11-07 22:00:00,Saturday,20,10,10
2015-11-07 23:00:00,Saturday,15,13,2
2015-11-08 00:00:00,Sunday,11,11,0
2015-11-08 01:00:00,Sunday,14,11,3
2015-11-08 02:00:00,Sunday,3,3,0
2015-11-08 03:00:00,Sunday,2,1,1
2015-11-08 04:00:00,Sunday,0,0,0
2015-11-08 05:00:00,Sunday,2,1,1
2015-11-08 06:00:00,Sunday,5,0,5
2015-11-08 07:00:00,Sunday,12,2,10
2015-11-08 08:00:00,Sunday,11,2,9
2015-11-08 09:00:00,Sunday,19,8,11
2015-11-08 10:00:00,Sunday,21,8,13
2015-11-08 11:00:00,Sunday,33,14,19
2015-11-08 12:00:00,Sunday,47,13,34
2015-11-08 13:00:00,Sunday,62,24,38
2015-11-08 14:00:00,Sunday,35,18,17
2015-11-08 15:00:00,Sunday,44,25,19
2015-11-08 16:00:00,Sunday,38,25,13
2015-11-08 17:00:00,Sunday,43,28,15
2015-11-08 18:00:00,Sunday,35,19,16
2015-11-08 19:00:00,Sunday,24,19,5
2015-11-08 20:00:00,Sunday,15,10,5
2015-11-08 21:00:00,Sunday,19,17,2
2015-11-08 22:00:00,Sunday,13,11,2
2015-11-08 23:00:00,Sunday,7,6,1
2015-11-09 00:00:00,Monday,3,2,1
2015-11-09 01:00:00,Monday,2,2,0
2015-11-09 02:00:00,Monday,0,0,0
2015-11-09 03:00:00,Monday,1,0,1
2015-11-09 04:00:00,Monday,3,2,1
2015-11-09 05:00:00,Monday,6,1,5
2015-11-09 06:00:00,Monday,46,3,43
2015-11-09 07:00:00,Monday,142,13,129
2015-11-09 08:00:00,Monday,320,38,282
2015-11-09 09:00:00,Monday,244,36,208
2015-11-09 10:00:00,Monday,79,20,59
2015-11-09 11:00:00,Monday,62,25,37
2015-11-09 12:00:00,Monday,48,14,34
2015-11-09 13:00:00,Monday,44,17,27
2015-11-09 14:00:00,Monday,54,32,22
2015-11-09 15:00:00,Monday,59,33,26
2015-11-09 16:00:00,Monday,115,91,24
2015-11-09 17:00:00,Monday,259,204,55
2015-11-09 18:00:00,Monday,212,182,30
2015-11-09 19:00:00,Monday,137,111,26
2015-11-09 20:00:00,Monday,74,57,17
2015-11-09 21:00:00,Monday,35,30,5
2015-11-09 22:00:00,Monday,26,18,8
2015-11-09 23:00:00,Monday,18,12,6
2015-11-10 00:00:00,Tuesday,9,7,2
2015-11-10 01:00:00,Tuesday,5,4,1
2015-11-10 02:00:00,Tuesday,0,0,0
2015-11-10 03:00:00,Tuesday,0,0,0
2015-11-10 04:00:00,Tuesday,2,0,2
2015-11-10 05:00:00,Tuesday,9,3,6
2015-11-10 06:00:00,Tuesday,45,6,39
2015-11-10 07:00:00,Tuesday,142,16,126
2015-11-10 08:00:00,Tuesday,292,37,255
2015-11-10 09:00:00,Tuesday,197,36,161
2015-11-10 10:00:00,Tuesday,93,33,60
2015-11-10 11:00:00,Tuesday,48,14,34
2015-11-10 12:00:00,Tuesday,47,24,23
2015-11-10 13:00:00,Tuesday,39,15,24
2015-11-10 14:00:00,Tuesday,57,28,29
2015-11-10 15:00:00,Tuesday,48,28,20
2015-11-10 16:00:00,Tuesday,105,71,34
2015-11-10 17:00:00,Tuesday,221,188,33
2015-11-10 18:00:00,Tuesday,201,163,38
2015-11-10 19:00:00,Tuesday,87,75,12
2015-11-10 20:00:00,Tuesday,65,55,10
2015-11-10 21:00:00,Tuesday,31,21,10
2015-11-10 22:00:00,Tuesday,18,14,4
2015-11-10 23:00:00,Tuesday,16,11,5
2015-11-11 00:00:00,Wednesday,7,5,2
2015-11-11 01:00:00,Wednesday,1,1,0
2015-11-11 02:00:00,Wednesday,2,1,1
2015-11-11 03:00:00,Wednesday,0,0,0
2015-11-11 04:00:00,Wednesday,1,0,1
2015-11-11 05:00:00,Wednesday,3,1,2
2015-11-11 06:00:00,Wednesday,13,0,13
2015-11-11 07:00:00,Wednesday,36,0,36
2015-11-11 08:00:00,Wednesday,109,14,95
2015-11-11 09:00:00,Wednesday,81,15,66
2015-11-11 10:00:00,Wednesday,47,14,33
2015-11-11 11:00:00,Wednesday,24,10,14
2015-11-11 12:00:00,Wednesday,27,8,19
2015-11-11 13:00:00,Wednesday,26,11,15
2015-11-11 14:00:00,Wednesday,23,15,8
2015-11-11 15:00:00,Wednesday,23,12,11
2015-11-11 16:00:00,Wednesday,49,33,16
2015-11-11 17:00:00,Wednesday,88,62,26
2015-11-11 18:00:00,Wednesday,109,93,16
2015-11-11 19:00:00,Wednesday,60,42,18
2015-11-11 20:00:00,Wednesday,36,25,11
2015-11-11 21:00:00,Wednesday,26,20,6
2015-11-11 22:00:00,Wednesday,16,12,4
2015-11-11 23:00:00,Wednesday,9,7,2
2015-11-12 00:00:00,Thursday,9,8,1
2015-11-12 01:00:00,Thursday,2,1,1
2015-11-12 02:00:00,Thursday,0,0,0
2015-11-12 03:00:00,Thursday,1,1,0
2015-11-12 04:00:00,Thursday,1,1,0
2015-11-12 05:00:00,Thursday,5,0,5
2015-11-12 06:00:00,Thursday,36,4,32
2015-11-12 07:00:00,Thursday,98,11,87
2015-11-12 08:00:00,Thursday,233,32,201
2015-11-12 09:00:00,Thursday,171,27,144
2015-11-12 10:00:00,Thursday,64,22,42
2015-11-12 11:00:00,Thursday,52,14,38
2015-11-12 12:00:00,Thursday,40,25,15
2015-11-12 13:00:00,Thursday,42,23,19
2015-11-12 14:00:00,Thursday,40,17,23
2015-11-12 15:00:00,Thursday,40,28,12
2015-11-12 16:00:00,Thursday,72,51,21
2015-11-12 17:00:00,Thursday,163,125,38
2015-11-12 18:00:00,Thursday,121,95,26
2015-11-12 19:00:00,Thursday,72,56,16
2015-11-12 20:00:00,Thursday,43,31,12
2015-11-12 21:00:00,Thursday,22,21,1
2015-11-12 22:00:00,Thursday,24,22,2
2015-11-12 23:00:00,Thursday,17,11,6
2015-11-13 00:00:00,Friday,5,3,2
2015-11-13 01:00:00,Friday,3,3,0
2015-11-13 02:00:00,Friday,3,3,0
2015-11-13 03:00:00,Friday,0,0,0
2015-11-13 04:00:00,Friday,2,1,1
2015-11-13 05:00:00,Friday,1,0,1
2015-11-13 06:00:00,Friday,39,2,37
2015-11-13 07:00:00,Friday,107,11,96
2015-11-13 08:00:00,Friday,267,35,232
2015-11-13 09:00:00,Friday,186,23,163
2015-11-13 10:00:00,Friday,88,19,69
2015-11-13 11:00:00,Friday,49,14,35
2015-11-13 12:00:00,Friday,48,19,29
2015-11-13 13:00:00,Friday,64,29,35
2015-11-13 14:00:00,Friday,63,33,30
2015-11-13 15:00:00,Friday,71,42,29
2015-11-13 16:00:00,Friday,117,82,35
2015-11-13 17:00:00,Friday,196,166,30
2015-11-13 18:00:00,Friday,186,154,32
2015-11-13 19:00:00,Friday,90,67,23
2015-11-13 20:00:00,Friday,41,32,9
2015-11-13 21:00:00,Friday,27,21,6
2015-11-13 22:00:00,Friday,24,18,6
2015-11-13 23:00:00,Friday,21,16,5
2015-11-14 00:00:00,Saturday,12,11,1
2015-11-14 01:00:00,Saturday,9,7,2
2015-11-14 02:00:00,Saturday,8,7,1
2015-11-14 03:00:00,Saturday,5,2,3
2015-11-14 04:00:00,Saturday,7,3,4
2015-11-14 05:00:00,Saturday,2,0,2
2015-11-14 06:00:00,Saturday,7,2,5
2015-11-14 07:00:00,Saturday,8,0,8
2015-11-14 08:00:00,Saturday,18,6,12
2015-11-14 09:00:00,Saturday,33,6,27
2015-11-14 10:00:00,Saturday,42,17,25
2015-11-14 11:00:00,Saturday,21,15,6
2015-11-14 12:00:00,Saturday,35,13,22
2015-11-14 13:00:00,Saturday,40,12,28
2015-11-14 14:00:00,Saturday,50,18,32
2015-11-14 15:00:00,Saturday,32,12,20
2015-11-14 16:00:00,Saturday,39,22,17
2015-11-14 17:00:00,Saturday,36,20,16
2015-11-14 18:00:00,Saturday,29,17,12
2015-11-14 19:00:00,Saturday,26,12,14
2015-11-14 20:00:00,Saturday,14,9,5
2015-11-14 21:00:00,Saturday,9,7,2
2015-11-14 22:00:00,Saturday,11,9,2
2015-11-14 23:00:00,Saturday,13,9,4
2015-11-15 00:00:00,Sunday,7,7,0
2015-11-15 01:00:00,Sunday,4,3,1
2015-11-15 02:00:00,Sunday,2,2,0
2015-11-15 03:00:00,Sunday,2,1,1
2015-11-15 04:00:00,Sunday,5,2,3
2015-11-15 05:00:00,Sunday,1,0,1
2015-11-15 06:00:00,Sunday,5,0,5
2015-11-15 07:00:00,Sunday,7,3,4
2015-11-15 08:00:00,Sunday,13,5,8
2015-11-15 09:00:00,Sunday,13,1,12
2015-11-15 10:00:00,Sunday,15,3,12
2015-11-15 11:00:00,Sunday,32,7,25
2015-11-15 12:00:00,Sunday,45,14,31
2015-11-15 13:00:00,Sunday,37,12,25
2015-11-15 14:00:00,Sunday,30,18,12
2015-11-15 15:00:00,Sunday,52,25,27
2015-11-15 16:00:00,Sunday,41,20,21
2015-11-15 17:00:00,Sunday,22,15,7
2015-11-15 18:00:00,Sunday,32,17,15
2015-11-15 19:00:00,Sunday,20,15,5
2015-11-15 20:00:00,Sunday,16,13,3
2015-11-15 21:00:00,Sunday,10,10,0
2015-11-15 22:00:00,Sunday,15,12,3
2015-11-15 23:00:00,Sunday,10,8,2
2015-11-16 00:00:00,Monday,3,1,2
2015-11-16 01:00:00,Monday,2,1,1
2015-11-16 02:00:00,Monday,1,0,1
2015-11-16 03:00:00,Monday,1,1,0
2015-11-16 04:00:00,Monday,2,0,2
2015-11-16 05:00:00,Monday,6,1,5
2015-11-16 06:00:00,Monday,34,1,33
2015-11-16 07:00:00,Monday,123,9,114
2015-11-16 08:00:00,Monday,336,34,302
2015-11-16 09:00:00,Monday,200,35,165
2015-11-16 10:00:00,Monday,97,23,74
2015-11-16 11:00:00,Monday,43,10,33
2015-11-16 12:00:00,Monday,61,24,37
2015-11-16 13:00:00,Monday,51,21,30
2015-11-16 14:00:00,Monday,46,26,20
2015-11-16 15:00:00,Monday,60,37,23
2015-11-16 16:00:00,Monday,122,87,35
2015-11-16 17:00:00,Monday,223,174,49
2015-11-16 18:00:00,Monday,218,189,29
2015-11-16 19:00:00,Monday,102,81,21
2015-11-16 20:00:00,Monday,63,52,11
2015-11-16 21:00:00,Monday,36,30,6
2015-11-16 22:00:00,Monday,32,25,7
2015-11-16 23:00:00,Monday,20,16,4
2015-11-17 00:00:00,Tuesday,8,8,0
2015-11-17 01:00:00,Tuesday,8,7,1
2015-11-17 02:00:00,Tuesday,1,0,1
2015-11-17 03:00:00,Tuesday,0,0,0
2015-11-17 04:00:00,Tuesday,3,1,2
2015-11-17 05:00:00,Tuesday,8,1,7
2015-11-17 06:00:00,Tuesday,42,4,38
2015-11-17 07:00:00,Tuesday,125,19,106
2015-11-17 08:00:00,Tuesday,277,28,249
2015-11-17 09:00:00,Tuesday,179,24,155
2015-11-17 10:00:00,Tuesday,74,11,63
2015-11-17 11:00:00,Tuesday,56,13,43
2015-11-17 12:00:00,Tuesday,54,19,35
2015-11-17 13:00:00,Tuesday,51,25,26
2015-11-17 14:00:00,Tuesday,48,26,22
2015-11-17 15:00:00,Tuesday,55,35,20
2015-11-17 16:00:00,Tuesday,102,77,25
2015-11-17 17:00:00,Tuesday,237,178,59
2015-11-17 18:00:00,Tuesday,165,136,29
2015-11-17 19:00:00,Tuesday,101,92,9
2015-11-17 20:00:00,Tuesday,61,46,15
2015-11-17 21:00:00,Tuesday,46,38,8
2015-11-17 22:00:00,Tuesday,25,19,6
2015-11-17 23:00:00,Tuesday,16,15,1
2015-11-18 00:00:00,Wednesday,6,5,1
2015-11-18 01:00:00,Wednesday,1,1,0
2015-11-18 02:00:00,Wednesday,3,2,1
2015-11-18 03:00:00,Wednesday,0,0,0
2015-11-18 04:00:00,Wednesday,2,1,1
2015-11-18 05:00:00,Wednesday,10,2,8
2015-11-18 06:00:00,Wednesday,30,2,28
2015-11-18 07:00:00,Wednesday,117,10,107
2015-11-18 08:00:00,Wednesday,285,32,253
2015-11-18 09:00:00,Wednesday,199,25,174
2015-11-18 10:00:00,Wednesday,125,29,96
2015-11-18 11:00:00,Wednesday,40,9,31
2015-11-18 12:00:00,Wednesday,60,24,36
2015-11-18 13:00:00,Wednesday,54,21,33
2015-11-18 14:00:00,Wednesday,56,27,29
2015-11-18 15:00:00,Wednesday,61,34,27
2015-11-18 16:00:00,Wednesday,97,74,23
2015-11-18 17:00:00,Wednesday,205,165,40
2015-11-18 18:00:00,Wednesday,185,141,44
2015-11-18 19:00:00,Wednesday,113,96,17
2015-11-18 20:00:00,Wednesday,73,57,16
2015-11-18 21:00:00,Wednesday,43,35,8
2015-11-18 22:00:00,Wednesday,27,22,5
2015-11-18 23:00:00,Wednesday,24,19,5
2015-11-19 00:00:00,Thursday,5,3,2
2015-11-19 01:00:00,Thursday,5,4,1
2015-11-19 02:00:00,Thursday,2,2,0
2015-11-19 03:00:00,Thursday,1,1,0
2015-11-19 04:00:00,Thursday,1,0,1
2015-11-19 05:00:00,Thursday,6,0,6
2015-11-19 06:00:00,Thursday,47,2,45
2015-11-19 07:00:00,Thursday,91,13,78
2015-11-19 08:00:00,Thursday,224,28,196
2015-11-19 09:00:00,Thursday,184,26,158
2015-11-19 10:00:00,Thursday,87,16,71
2015-11-19 11:00:00,Thursday,46,19,27
2015-11-19 12:00:00,Thursday,59,25,34
2015-11-19 13:00:00,Thursday,40,17,23
2015-11-19 14:00:00,Thursday,47,28,19
2015-11-19 15:00:00,Thursday,55,30,25
2015-11-19 16:00:00,Thursday,95,69,26
2015-11-19 17:00:00,Thursday,190,153,37
2015-11-19 18:00:00,Thursday,167,136,31
2015-11-19 19:00:00,Thursday,84,68,16
2015-11-19 20:00:00,Thursday,57,42,15
2015-11-19 21:00:00,Thursday,46,37,9
2015-11-19 22:00:00,Thursday,26,21,5
2015-11-19 23:00:00,Thursday,17,15,2
2015-11-19 23:00:00,Thursday,17,15,2
2015-11-19 23:00:00,Thursday,17,15,2
NaT,Friday,6,3,3
2015-11-20 01:00:00,Friday,1,1,0
2015-11-20 02:00:00,Friday,3,3,0
2015-11-20 03:00:00,Friday,0,0,0
2015-11-20 04:00:00,Friday,4,1,3
2015-11-20 05:00:00,Friday,1,0,1
2015-11-20 06:00:00,Friday,16,0,16
2015-11-20 07:00:00,Friday,69,10,59
2015-11-20 08:00:00,Friday,210,19,191
2015-11-20 09:00:00,Friday,159,20,139
2015-11-20 10:00:00,Friday,76,18,58
2015-11-20 11:00:00,Friday,53,17,36
2015-11-20 12:00:00,Friday,50,27,23
2015-11-20 13:00:00,Friday,48,27,21
2015-11-20 14:00:00,Friday,39,17,22
2015-11-20 15:00:00,Friday,63,35,28
2015-11-20 16:00:00,Friday,82,52,30
2015-11-20 17:00:00,Friday,173,140,33
2015-11-20 18:00:00,Friday,155,110,45
2015-11-20 19:00:00,Friday,77,54,23
2015-11-20 20:00:00,Friday,43,37,6
2015-11-20 21:00:00,Friday,34,25,9
2015-11-20 22:00:00,Friday,27,18,9
2015-11-20 23:00:00,Friday,17,14,3
2015-11-21 00:00:00,Saturday,11,11,0
2015-11-21 01:00:00,Saturday,3,2,1
2015-11-21 02:00:00,Saturday,4,3,1
2015-11-21 03:00:00,Saturday,1,1,0
2015-11-21 04:00:00,Saturday,0,0,0
2015-11-21 05:00:00,Saturday,2,0,2
2015-11-21 06:00:00,Saturday,8,0,8
2015-11-21 07:00:00,Saturday,10,4,6
2015-11-21 08:00:00,Saturday,17,8,9
2015-11-21 09:00:00,Saturday,19,3,16
2015-11-21 10:00:00,Saturday,35,11,24
2015-11-21 11:00:00,Saturday,30,13,17
2015-11-21 12:00:00,Saturday,56,10,46
2015-11-21 13:00:00,Saturday,51,12,39
2015-11-21 14:00:00,Saturday,51,23,28
2015-11-21 15:00:00,Saturday,48,21,27
2015-11-21 16:00:00,Saturday,33,11,22
2015-11-21 17:00:00,Saturday,25,19,6
2015-11-21 18:00:00,Saturday,28,14,14
2015-11-21 19:00:00,Saturday,23,10,13
2015-11-21 20:00:00,Saturday,25,14,11
2015-11-21 21:00:00,Saturday,10,4,6
2015-11-21 22:00:00,Saturday,22,17,5
2015-11-21 23:00:00,Saturday,8,6,2
2015-11-22 00:00:00,Sunday,16,11,5
2015-11-22 01:00:00,Sunday,4,3,1
2015-11-22 02:00:00,Sunday,4,4,0
2015-11-22 03:00:00,Sunday,0,0,0
2015-11-22 04:00:00,Sunday,1,1,0
2015-11-22 05:00:00,Sunday,2,0,2
2015-11-22 06:00:00,Sunday,5,0,5
2015-11-22 07:00:00,Sunday,4,0,4
2015-11-22 08:00:00,Sunday,10,2,8
2015-11-22 09:00:00,Sunday,14,4,10
2015-11-22 10:00:00,Sunday,21,4,17
2015-11-22 11:00:00,Sunday,17,10,7
2015-11-22 12:00:00,Sunday,32,17,15
2015-11-22 13:00:00,Sunday,25,12,13
2015-11-22 14:00:00,Sunday,19,9,10
2015-11-22 15:00:00,Sunday,21,7,14
2015-11-22 16:00:00,Sunday,11,6,5
2015-11-22 17:00:00,Sunday,8,3,5
2015-11-22 18:00:00,Sunday,18,12,6
2015-11-22 19:00:00,Sunday,9,4,5
2015-11-22 20:00:00,Sunday,4,3,1
2015-11-22 21:00:00,Sunday,8,5,3
2015-11-22 22:00:00,Sunday,5,3,2
2015-11-22 23:00:00,Sunday,4,4,0
2015-11-23 00:00:00,Monday,1,0,1
2015-11-23 01:00:00,Monday,2,2,0
2015-11-23 02:00:00,Monday,2,1,1
2015-11-23 03:00:00,Monday,1,0,1
2015-11-23 04:00:00,Monday,2,1,1
2015-11-23 05:00:00,Monday,7,1,6
2015-11-23 06:00:00,Monday,36,4,32
2015-11-23 07:00:00,Monday,110,10,100
2015-11-23 08:00:00,Monday,265,23,242
2015-11-23 09:00:00,Monday,213,37,176
2015-11-23 10:00:00,Monday,69,14,55
2015-11-23 11:00:00,Monday,36,16,20
2015-11-23 12:00:00,Monday,40,19,21
2015-11-23 13:00:00,Monday,56,30,26
2015-11-23 14:00:00,Monday,58,36,22
2015-11-23 15:00:00,Monday,46,24,22
2015-11-23 16:00:00,Monday,95,60,35
2015-11-23 17:00:00,Monday,195,165,30
2015-11-23 18:00:00,Monday,144,122,22
2015-11-23 19:00:00,Monday,106,88,18
2015-11-23 20:00:00,Monday,66,56,10
2015-11-23 21:00:00,Monday,29,17,12
2015-11-23 22:00:00,Monday,16,16,0
2015-11-23 23:00:00,Monday,15,14,1
2015-11-24 00:00:00,Tuesday,2,2,0
2015-11-24 01:00:00,Tuesday,2,2,0
2015-11-24 02:00:00,Tuesday,0,0,0
2015-11-24 03:00:00,Tuesday,3,3,0
2015-11-24 04:00:00,Tuesday,4,2,2
2015-11-24 05:00:00,Tuesday,7,2,5
2015-11-24 06:00:00,Tuesday,33,3,30
2015-11-24 07:00:00,Tuesday,95,10,85
2015-11-24 08:00:00,Tuesday,224,33,191
2015-11-24 09:00:00,Tuesday,179,30,149
2015-11-24 10:00:00,Tuesday,70,18,52
2015-11-24 11:00:00,Tuesday,54,18,36
2015-11-24 12:00:00,Tuesday,48,20,28
2015-11-24 13:00:00,Tuesday,48,22,26
2015-11-24 14:00:00,Tuesday,46,21,25
2015-11-24 15:00:00,Tuesday,42,29,13
2015-11-24 16:00:00,Tuesday,81,63,18
2015-11-24 17:00:00,Tuesday,160,121,39
2015-11-24 18:00:00,Tuesday,145,116,29
2015-11-24 19:00:00,Tuesday,81,59,22
2015-11-24 20:00:00,Tuesday,44,40,4
2015-11-24 21:00:00,Tuesday,29,21,8
2015-11-24 22:00:00,Tuesday,27,21,6
2015-11-24 23:00:00,Tuesday,17,11,6
2015-11-25 00:00:00,Wednesday,5,4,1
2015-11-25 01:00:00,Wednesday,1,1,0
2015-11-25 02:00:00,Wednesday,2,1,1
2015-11-25 03:00:00,Wednesday,0,0,0
2015-11-25 04:00:00,Wednesday,2,1,1
2015-11-25 05:00:00,Wednesday,5,2,3
2015-11-25 06:00:00,Wednesday,30,3,27
2015-11-25 07:00:00,Wednesday,76,7,69
2015-11-25 08:00:00,Wednesday,156,14,142
2015-11-25 09:00:00,Wednesday,126,12,114
2015-11-25 10:00:00,Wednesday,56,20,36
2015-11-25 11:00:00,Wednesday,40,18,22
2015-11-25 12:00:00,Wednesday,52,24,28
2015-11-25 13:00:00,Wednesday,46,24,22
2015-11-25 14:00:00,Wednesday,66,46,20
2015-11-25 15:00:00,Wednesday,77,57,20
2015-11-25 16:00:00,Wednesday,91,69,22
2015-11-25 17:00:00,Wednesday,101,82,19
2015-11-25 18:00:00,Wednesday,66,52,14
2015-11-25 19:00:00,Wednesday,48,39,9
2015-11-25 20:00:00,Wednesday,14,8,6
2015-11-25 21:00:00,Wednesday,9,7,2
2015-11-25 22:00:00,Wednesday,14,11,3
2015-11-25 23:00:00,Wednesday,10,6,4
2015-11-26 00:00:00,Thursday,4,3,1
2015-11-26 01:00:00,Thursday,4,3,1
2015-11-26 02:00:00,Thursday,4,2,2
2015-11-26 03:00:00,Thursday,1,1,0
2015-11-26 04:00:00,Thursday,0,0,0
2015-11-26 05:00:00,Thursday,2,0,2
2015-11-26 06:00:00,Thursday,3,1,2
2015-11-26 07:00:00,Thursday,9,3,6
2015-11-26 08:00:00,Thursday,8,4,4
2015-11-26 09:00:00,Thursday,8,4,4
2015-11-26 10:00:00,Thursday,27,14,13
2015-11-26 11:00:00,Thursday,11,3,8
2015-11-26 12:00:00,Thursday,27,13,14
2015-11-26 13:00:00,Thursday,18,8,10
2015-11-26 14:00:00,Thursday,16,12,4
2015-11-26 15:00:00,Thursday,10,5,5
2015-11-26 16:00:00,Thursday,16,8,8
2015-11-26 17:00:00,Thursday,5,4,1
2015-11-26 18:00:00,Thursday,7,3,4
2015-11-26 19:00:00,Thursday,7,3,4
2015-11-26 20:00:00,Thursday,10,8,2
2015-11-26 21:00:00,Thursday,2,1,1
2015-11-26 22:00:00,Thursday,6,2,4
2015-11-26 23:00:00,Thursday,8,4,4
2015-11-27 00:00:00,Friday,6,1,5
2015-11-27 01:00:00,Friday,2,1,1
2015-11-27 02:00:00,Friday,0,0,0
2015-11-27 03:00:00,Friday,0,0,0
2015-11-27 04:00:00,Friday,1,1,0
2015-11-27 05:00:00,Friday,1,0,1
2015-11-27 06:00:00,Friday,12,1,11
2015-11-27 07:00:00,Friday,13,1,12
2015-11-27 08:00:00,Friday,25,3,22
2015-11-27 09:00:00,Friday,28,6,22
2015-11-27 10:00:00,Friday,21,6,15
2015-11-27 11:00:00,Friday,30,7,23
2015-11-27 12:00:00,Friday,44,13,31
2015-11-27 13:00:00,Friday,31,17,14
2015-11-27 14:00:00,Friday,40,15,25
2015-11-27 15:00:00,Friday,28,18,10
2015-11-27 16:00:00,Friday,32,17,15
2015-11-27 17:00:00,Friday,26,20,6
2015-11-27 18:00:00,Friday,22,19,3
2015-11-27 19:00:00,Friday,22,12,10
2015-11-27 20:00:00,Friday,17,9,8
2015-11-27 21:00:00,Friday,17,10,7
2015-11-27 22:00:00,Friday,15,11,4
2015-11-27 23:00:00,Friday,7,6,1
2015-11-28 00:00:00,Saturday,5,2,3
2015-11-28 01:00:00,Saturday,2,2,0
2015-11-28 02:00:00,Saturday,7,7,0
2015-11-28 03:00:00,Saturday,2,2,0
2015-11-28 04:00:00,Saturday,1,0,1
2015-11-28 05:00:00,Saturday,1,0,1
2015-11-28 06:00:00,Saturday,7,1,6
2015-11-28 07:00:00,Saturday,6,1,5
2015-11-28 08:00:00,Saturday,2,1,1
2015-11-28 09:00:00,Saturday,5,0,5
2015-11-28 10:00:00,Saturday,7,2,5
2015-11-28 11:00:00,Saturday,9,6,3
2015-11-28 12:00:00,Saturday,10,6,4
2015-11-28 13:00:00,Saturday,5,0,5
2015-11-28 14:00:00,Saturday,13,3,10
2015-11-28 15:00:00,Saturday,10,4,6
2015-11-28 16:00:00,Saturday,14,7,7
2015-11-28 17:00:00,Saturday,13,6,7
2015-11-28 18:00:00,Saturday,15,3,12
2015-11-28 19:00:00,Saturday,9,5,4
2015-11-28 20:00:00,Saturday,12,9,3
2015-11-28 21:00:00,Saturday,11,10,1
2015-11-28 22:00:00,Saturday,5,4,1
2015-11-28 23:00:00,Saturday,7,3,4
2015-11-29 00:00:00,Sunday,4,4,0
2015-11-29 01:00:00,Sunday,3,2,1
2015-11-29 02:00:00,Sunday,1,1,0
2015-11-29 03:00:00,Sunday,1,0,1
2015-11-29 04:00:00,Sunday,2,2,0
2015-11-29 05:00:00,Sunday,2,0,2
2015-11-29 06:00:00,Sunday,2,0,2
2015-11-29 07:00:00,Sunday,8,0,8
2015-11-29 08:00:00,Sunday,6,0,6
2015-11-29 09:00:00,Sunday,13,2,11
2015-11-29 10:00:00,Sunday,12,6,6
2015-11-29 11:00:00,Sunday,18,5,13
2015-11-29 12:00:00,Sunday,22,10,12
2015-11-29 13:00:00,Sunday,29,10,19
2015-11-29 14:00:00,Sunday,20,9,11
2015-11-29 15:00:00,Sunday,32,20,12
2015-11-29 16:00:00,Sunday,30,16,14
2015-11-29 17:00:00,Sunday,13,12,1
2015-11-29 18:00:00,Sunday,16,8,8
2015-11-29 19:00:00,Sunday,12,9,3
2015-11-29 20:00:00,Sunday,9,6,3
2015-11-29 21:00:00,Sunday,7,5,2
2015-11-29 22:00:00,Sunday,5,4,1
2015-11-29 23:00:00,Sunday,2,1,1
2015-11-30 00:00:00,Monday,2,1,1
2015-11-30 01:00:00,Monday,1,1,0
2015-11-30 02:00:00,Monday,2,1,1
2015-11-30 03:00:00,Monday,0,0,0
2015-11-30 04:00:00,Monday,1,0,1
2015-11-30 05:00:00,Monday,4,0,4
2015-11-30 06:00:00,Monday,28,5,23
2015-11-30 07:00:00,Monday,95,9,86
2015-11-30 08:00:00,Monday,260,26,234
2015-11-30 09:00:00,Monday,162,19,143
2015-11-30 10:00:00,Monday,78,16,62
2015-11-30 11:00:00,Monday,42,16,26
2015-11-30 12:00:00,Monday,36,14,22
2015-11-30 13:00:00,Monday,41,20,21
2015-11-30 14:00:00,Monday,35,13,22
2015-11-30 15:00:00,Monday,44,24,20
2015-11-30 16:00:00,Monday,86,57,29
2015-11-30 17:00:00,Monday,169,136,33
2015-11-30 18:00:00,Monday,162,142,20
2015-11-30 19:00:00,Monday,92,80,12
2015-11-30 20:00:00,Monday,35,27,8
2015-11-30 21:00:00,Monday,23,19,4
2015-11-30 22:00:00,Monday,14,10,4
2015-11-30 23:00:00,Monday,5,5,0
2015-12-01 00:00:00,Tuesday,4,3,1
2015-12-01 01:00:00,Tuesday,2,2,0
2015-12-01 02:00:00,Tuesday,0,0,0
2015-12-01 03:00:00,Tuesday,3,1,2
2015-12-01 04:00:00,Tuesday,3,0,3
2015-12-01 05:00:00,Tuesday,8,0,8
2015-12-01 06:00:00,Tuesday,29,4,25
2015-12-01 07:00:00,Tuesday,89,10,79
2015-12-01 08:00:00,Tuesday,239,22,217
2015-12-01 09:00:00,Tuesday,163,19,144
2015-12-01 10:00:00,Tuesday,72,22,50
2015-12-01 11:00:00,Tuesday,49,14,35
2015-12-01 12:00:00,Tuesday,55,27,28
2015-12-01 13:00:00,Tuesday,47,20,27
2015-12-01 14:00:00,Tuesday,38,14,24
2015-12-01 15:00:00,Tuesday,38,18,20
2015-12-01 16:00:00,Tuesday,64,45,19
2015-12-01 17:00:00,Tuesday,181,137,44
2015-12-01 18:00:00,Tuesday,140,103,37
2015-12-01 19:00:00,Tuesday,68,51,17
2015-12-01 20:00:00,Tuesday,31,28,3
2015-12-01 21:00:00,Tuesday,33,27,6
2015-12-01 22:00:00,Tuesday,14,12,2
2015-12-01 23:00:00,Tuesday,17,10,7
2015-12-02 00:00:00,Wednesday,6,6,0
2015-12-02 01:00:00,Wednesday,2,2,0
2015-12-02 02:00:00,Wednesday,2,1,1
2015-12-02 03:00:00,Wednesday,1,1,0
2015-12-02 04:00:00,Wednesday,2,2,0
2015-12-02 05:00:00,Wednesday,11,1,10
2015-12-02 06:00:00,Wednesday,21,6,15
2015-12-02 07:00:00,Wednesday,62,2,60
2015-12-02 08:00:00,Wednesday,158,25,133
2015-12-02 09:00:00,Wednesday,138,9,129
2015-12-02 10:00:00,Wednesday,54,12,42
2015-12-02 11:00:00,Wednesday,28,8,20
2015-12-02 12:00:00,Wednesday,32,10,22
2015-12-02 13:00:00,Wednesday,21,9,12
2015-12-02 14:00:00,Wednesday,39,15,24
2015-12-02 15:00:00,Wednesday,39,20,19
2015-12-02 16:00:00,Wednesday,41,29,12
2015-12-02 17:00:00,Wednesday,102,84,18
2015-12-02 18:00:00,Wednesday,103,86,17
2015-12-02 19:00:00,Wednesday,75,58,17
2015-12-02 20:00:00,Wednesday,29,28,1
2015-12-02 21:00:00,Wednesday,22,18,4
2015-12-02 22:00:00,Wednesday,16,11,5
2015-12-02 23:00:00,Wednesday,16,15,1
2015-12-03 00:00:00,Thursday,8,6,2
2015-12-03 01:00:00,Thursday,2,2,0
2015-12-03 02:00:00,Thursday,2,2,0
2015-12-03 03:00:00,Thursday,2,1,1
2015-12-03 04:00:00,Thursday,0,0,0
2015-12-03 05:00:00,Thursday,6,1,5
2015-12-03 06:00:00,Thursday,28,7,21
2015-12-03 07:00:00,Thursday,79,4,75
2015-12-03 08:00:00,Thursday,238,20,218
2015-12-03 09:00:00,Thursday,189,25,164
2015-12-03 10:00:00,Thursday,75,19,56
2015-12-03 11:00:00,Thursday,46,13,33
2015-12-03 12:00:00,Thursday,56,26,30
2015-12-03 13:00:00,Thursday,49,23,26
2015-12-03 14:00:00,Thursday,32,14,18
2015-12-03 15:00:00,Thursday,48,26,22
2015-12-03 16:00:00,Thursday,101,63,38
2015-12-03 17:00:00,Thursday,181,131,50
2015-12-03 18:00:00,Thursday,161,123,38
2015-12-03 19:00:00,Thursday,96,79,17
2015-12-03 20:00:00,Thursday,50,38,12
2015-12-03 21:00:00,Thursday,46,35,11
2015-12-03 22:00:00,Thursday,26,21,5
2015-12-03 23:00:00,Thursday,27,23,4
2015-12-04 00:00:00,Friday,10,9,1
2015-12-04 01:00:00,Friday,5,5,0
2015-12-04 02:00:00,Friday,2,1,1
2015-12-04 03:00:00,Friday,0,0,0
2015-12-04 04:00:00,Friday,0,0,0
2015-12-04 05:00:00,Friday,9,1,8
2015-12-04 06:00:00,Friday,23,2,21
2015-12-04 07:00:00,Friday,82,7,75
2015-12-04 08:00:00,Friday,212,24,188
2015-12-04 09:00:00,Friday,165,11,154
2015-12-04 10:00:00,Friday,81,14,67
2015-12-04 11:00:00,Friday,57,22,35
2015-12-04 12:00:00,Friday,51,21,30
2015-12-04 13:00:00,Friday,45,23,22
2015-12-04 14:00:00,Friday,52,28,24
2015-12-04 15:00:00,Friday,62,35,27
2015-12-04 16:00:00,Friday,86,55,31
2015-12-04 17:00:00,Friday,173,141,32
2015-12-04 18:00:00,Friday,149,119,30
2015-12-04 19:00:00,Friday,78,65,13
2015-12-04 20:00:00,Friday,30,21,9
2015-12-04 21:00:00,Friday,26,22,4
2015-12-04 22:00:00,Friday,19,18,1
2015-12-04 23:00:00,Friday,10,6,4
2015-12-05 00:00:00,Saturday,12,12,0
2015-12-05 01:00:00,Saturday,7,4,3
2015-12-05 02:00:00,Saturday,3,3,0
2015-12-05 03:00:00,Saturday,2,2,0
2015-12-05 04:00:00,Saturday,1,1,0
2015-12-05 05:00:00,Saturday,4,0,4
2015-12-05 06:00:00,Saturday,5,1,4
2015-12-05 07:00:00,Saturday,12,2,10
2015-12-05 08:00:00,Saturday,14,2,12
2015-12-05 09:00:00,Saturday,15,4,11
2015-12-05 10:00:00,Saturday,25,5,20
2015-12-05 11:00:00,Saturday,47,13,34
2015-12-05 12:00:00,Saturday,42,11,31
2015-12-05 13:00:00,Saturday,31,8,23
2015-12-05 14:00:00,Saturday,40,11,29
2015-12-05 15:00:00,Saturday,39,21,18
2015-12-05 16:00:00,Saturday,29,18,11
2015-12-05 17:00:00,Saturday,27,15,12
2015-12-05 18:00:00,Saturday,25,7,18
2015-12-05 19:00:00,Saturday,31,16,15
2015-12-05 20:00:00,Saturday,13,7,6
2015-12-05 21:00:00,Saturday,12,2,10
2015-12-05 22:00:00,Saturday,25,13,12
2015-12-05 23:00:00,Saturday,14,13,1
2015-12-06 00:00:00,Sunday,9,8,1
2015-12-06 01:00:00,Sunday,7,7,0
2015-12-06 02:00:00,Sunday,7,6,1
2015-12-06 03:00:00,Sunday,2,2,0
2015-12-06 04:00:00,Sunday,1,0,1
2015-12-06 05:00:00,Sunday,0,0,0
2015-12-06 06:00:00,Sunday,6,1,5
2015-12-06 07:00:00,Sunday,8,2,6
2015-12-06 08:00:00,Sunday,8,4,4
2015-12-06 09:00:00,Sunday,13,5,8
2015-12-06 10:00:00,Sunday,31,8,23
2015-12-06 11:00:00,Sunday,37,17,20
2015-12-06 12:00:00,Sunday,37,12,25
2015-12-06 13:00:00,Sunday,43,20,23
2015-12-06 14:00:00,Sunday,45,16,29
2015-12-06 15:00:00,Sunday,39,15,24
2015-12-06 16:00:00,Sunday,37,17,20
2015-12-06 17:00:00,Sunday,35,22,13
2015-12-06 18:00:00,Sunday,48,26,22
2015-12-06 19:00:00,Sunday,32,13,19
2015-12-06 20:00:00,Sunday,15,12,3
2015-12-06 21:00:00,Sunday,16,13,3
2015-12-06 22:00:00,Sunday,17,15,2
2015-12-06 23:00:00,Sunday,5,3,2
2015-12-07 00:00:00,Monday,2,1,1
2015-12-07 01:00:00,Monday,1,1,0
2015-12-07 02:00:00,Monday,1,0,1
2015-12-07 03:00:00,Monday,0,0,0
2015-12-07 04:00:00,Monday,1,0,1
2015-12-07 05:00:00,Monday,4,0,4
2015-12-07 06:00:00,Monday,23,1,22
2015-12-07 07:00:00,Monday,92,9,83
2015-12-07 08:00:00,Monday,277,42,235
2015-12-07 09:00:00,Monday,195,28,167
2015-12-07 10:00:00,Monday,88,14,74
2015-12-07 11:00:00,Monday,47,17,30
2015-12-07 12:00:00,Monday,54,17,37
2015-12-07 13:00:00,Monday,53,20,33
2015-12-07 14:00:00,Monday,40,17,23
2015-12-07 15:00:00,Monday,40,20,20
2015-12-07 16:00:00,Monday,100,71,29
2015-12-07 17:00:00,Monday,198,160,38
2015-12-07 18:00:00,Monday,185,160,25
2015-12-07 19:00:00,Monday,88,74,14
2015-12-07 20:00:00,Monday,43,36,7
2015-12-07 21:00:00,Monday,30,22,8
2015-12-07 22:00:00,Monday,25,24,1
2015-12-07 23:00:00,Monday,8,7,1
2015-12-08 00:00:00,Tuesday,10,6,4
2015-12-08 01:00:00,Tuesday,1,1,0
2015-12-08 02:00:00,Tuesday,4,2,2
2015-12-08 03:00:00,Tuesday,0,0,0
2015-12-08 04:00:00,Tuesday,1,0,1
2015-12-08 05:00:00,Tuesday,7,2,5
2015-12-08 06:00:00,Tuesday,38,3,35
2015-12-08 07:00:00,Tuesday,94,9,85
2015-12-08 08:00:00,Tuesday,270,28,242
2015-12-08 09:00:00,Tuesday,171,24,147
2015-12-08 10:00:00,Tuesday,62,17,45
2015-12-08 11:00:00,Tuesday,33,7,26
2015-12-08 12:00:00,Tuesday,54,21,33
2015-12-08 13:00:00,Tuesday,42,17,25
2015-12-08 14:00:00,Tuesday,47,23,24
2015-12-08 15:00:00,Tuesday,41,22,19
2015-12-08 16:00:00,Tuesday,93,64,29
2015-12-08 17:00:00,Tuesday,188,156,32
2015-12-08 18:00:00,Tuesday,158,125,33
2015-12-08 19:00:00,Tuesday,93,72,21
2015-12-08 20:00:00,Tuesday,43,35,8
2015-12-08 21:00:00,Tuesday,34,31,3
2015-12-08 22:00:00,Tuesday,22,20,2
2015-12-08 23:00:00,Tuesday,15,14,1
2015-12-09 00:00:00,Wednesday,6,5,1
2015-12-09 01:00:00,Wednesday,3,3,0
2015-12-09 02:00:00,Wednesday,0,0,0
2015-12-09 03:00:00,Wednesday,2,1,1
2015-12-09 04:00:00,Wednesday,3,2,1
2015-12-09 05:00:00,Wednesday,6,0,6
2015-12-09 06:00:00,Wednesday,25,0,25
2015-12-09 07:00:00,Wednesday,93,7,86
2015-12-09 08:00:00,Wednesday,236,31,205
2015-12-09 09:00:00,Wednesday,167,24,143
2015-12-09 10:00:00,Wednesday,90,11,79
2015-12-09 11:00:00,Wednesday,56,16,40
2015-12-09 12:00:00,Wednesday,65,21,44
2015-12-09 13:00:00,Wednesday,42,20,22
2015-12-09 14:00:00,Wednesday,39,22,17
2015-12-09 15:00:00,Wednesday,41,26,15
2015-12-09 16:00:00,Wednesday,105,64,41
2015-12-09 17:00:00,Wednesday,175,133,42
2015-12-09 18:00:00,Wednesday,148,112,36
2015-12-09 19:00:00,Wednesday,90,79,11
2015-12-09 20:00:00,Wednesday,67,48,19
2015-12-09 21:00:00,Wednesday,33,28,5
2015-12-09 22:00:00,Wednesday,31,24,7
2015-12-09 23:00:00,Wednesday,11,8,3
2015-12-10 00:00:00,Thursday,10,7,3
2015-12-10 01:00:00,Thursday,2,2,0
2015-12-10 02:00:00,Thursday,2,2,0
2015-12-10 03:00:00,Thursday,1,0,1
2015-12-10 04:00:00,Thursday,0,0,0
2015-12-10 05:00:00,Thursday,8,1,7
2015-12-10 06:00:00,Thursday,32,1,31
2015-12-10 07:00:00,Thursday,102,11,91
2015-12-10 08:00:00,Thursday,242,23,219
2015-12-10 09:00:00,Thursday,194,26,168
2015-12-10 10:00:00,Thursday,87,14,73
2015-12-10 11:00:00,Thursday,46,17,29
2015-12-10 12:00:00,Thursday,54,15,39
2015-12-10 13:00:00,Thursday,53,24,29
2015-12-10 14:00:00,Thursday,57,26,31
2015-12-10 15:00:00,Thursday,45,28,17
2015-12-10 16:00:00,Thursday,96,65,31
2015-12-10 17:00:00,Thursday,173,137,36
2015-12-10 18:00:00,Thursday,172,126,46
2015-12-10 19:00:00,Thursday,103,87,16
2015-12-10 20:00:00,Thursday,59,44,15
2015-12-10 21:00:00,Thursday,39,33,6
2015-12-10 22:00:00,Thursday,28,24,4
2015-12-10 23:00:00,Thursday,18,15,3
2015-12-11 00:00:00,Friday,12,11,1
2015-12-11 01:00:00,Friday,2,2,0
2015-12-11 02:00:00,Friday,5,3,2
2015-12-11 03:00:00,Friday,0,0,0
2015-12-11 04:00:00,Friday,2,1,1
2015-12-11 05:00:00,Friday,10,1,9
2015-12-11 06:00:00,Friday,30,4,26
2015-12-11 07:00:00,Friday,87,5,82
2015-12-11 08:00:00,Friday,222,28,194
2015-12-11 09:00:00,Friday,168,20,148
2015-12-11 10:00:00,Friday,80,13,67
2015-12-11 11:00:00,Friday,55,12,43
2015-12-11 12:00:00,Friday,44,19,25
2015-12-11 13:00:00,Friday,50,20,30
2015-12-11 14:00:00,Friday,50,17,33
2015-12-11 15:00:00,Friday,60,38,22
2015-12-11 16:00:00,Friday,98,60,38
2015-12-11 17:00:00,Friday,166,135,31
2015-12-11 18:00:00,Friday,116,88,28
2015-12-11 19:00:00,Friday,70,48,22
2015-12-11 20:00:00,Friday,43,28,15
2015-12-11 21:00:00,Friday,24,19,5
2015-12-11 22:00:00,Friday,32,22,10
2015-12-11 23:00:00,Friday,24,15,9
2015-12-12 00:00:00,Saturday,18,14,4
2015-12-12 01:00:00,Saturday,11,8,3
2015-12-12 02:00:00,Saturday,3,3,0
2015-12-12 03:00:00,Saturday,2,2,0
2015-12-12 04:00:00,Saturday,1,1,0
2015-12-12 05:00:00,Saturday,3,0,3
2015-12-12 06:00:00,Saturday,6,1,5
2015-12-12 07:00:00,Saturday,19,1,18
2015-12-12 08:00:00,Saturday,27,7,20
2015-12-12 09:00:00,Saturday,21,7,14
2015-12-12 10:00:00,Saturday,33,11,22
2015-12-12 11:00:00,Saturday,50,15,35
2015-12-12 12:00:00,Saturday,58,23,35
2015-12-12 13:00:00,Saturday,58,20,38
2015-12-12 14:00:00,Saturday,61,22,39
2015-12-12 15:00:00,Saturday,57,28,29
2015-12-12 16:00:00,Saturday,38,30,8
2015-12-12 17:00:00,Saturday,52,31,21
2015-12-12 18:00:00,Saturday,39,22,17
2015-12-12 19:00:00,Saturday,38,24,14
2015-12-12 20:00:00,Saturday,31,19,12
2015-12-12 21:00:00,Saturday,22,15,7
2015-12-12 22:00:00,Saturday,19,13,6
2015-12-12 23:00:00,Saturday,19,12,7
2015-12-13 00:00:00,Sunday,11,9,2
2015-12-13 01:00:00,Sunday,11,8,3
2015-12-13 02:00:00,Sunday,2,1,1
2015-12-13 03:00:00,Sunday,3,3,0
2015-12-13 04:00:00,Sunday,1,1,0
2015-12-13 05:00:00,Sunday,1,0,1
2015-12-13 06:00:00,Sunday,3,2,1
2015-12-13 07:00:00,Sunday,15,4,11
2015-12-13 08:00:00,Sunday,7,4,3
2015-12-13 09:00:00,Sunday,17,4,13
2015-12-13 10:00:00,Sunday,18,5,13
2015-12-13 11:00:00,Sunday,36,11,25
2015-12-13 12:00:00,Sunday,27,11,16
2015-12-13 13:00:00,Sunday,41,19,22
2015-12-13 14:00:00,Sunday,46,15,31
2015-12-13 15:00:00,Sunday,45,16,29
2015-12-13 16:00:00,Sunday,29,17,12
2015-12-13 17:00:00,Sunday,24,11,13
2015-12-13 18:00:00,Sunday,30,15,15
2015-12-13 19:00:00,Sunday,33,21,12
2015-12-13 20:00:00,Sunday,20,15,5
2015-12-13 21:00:00,Sunday,12,8,4
2015-12-13 22:00:00,Sunday,12,10,2
2015-12-13 23:00:00,Sunday,13,12,1
2015-12-14 00:00:00,Monday,6,4,2
2015-12-14 01:00:00,Monday,3,2,1
2015-12-14 02:00:00,Monday,1,1,0
2015-12-14 03:00:00,Monday,2,1,1
2015-12-14 04:00:00,Monday,4,0,4
2015-12-14 05:00:00,Monday,5,0,5
2015-12-14 06:00:00,Monday,36,4,32
2015-12-14 07:00:00,Monday,88,11,77
2015-12-14 08:00:00,Monday,262,34,228
2015-12-14 09:00:00,Monday,168,18,150
2015-12-14 10:00:00,Monday,64,14,50
2015-12-14 11:00:00,Monday,38,12,26
2015-12-14 12:00:00,Monday,41,15,26
2015-12-14 13:00:00,Monday,33,13,20
2015-12-14 14:00:00,Monday,31,15,16
2015-12-14 15:00:00,Monday,41,22,19
2015-12-14 16:00:00,Monday,90,57,33
2015-12-14 17:00:00,Monday,160,126,34
2015-12-14 18:00:00,Monday,163,131,32
2015-12-14 19:00:00,Monday,98,90,8
2015-12-14 20:00:00,Monday,31,26,5
2015-12-14 21:00:00,Monday,18,14,4
2015-12-14 22:00:00,Monday,9,7,2
2015-12-14 23:00:00,Monday,7,6,1
2015-12-15 00:00:00,Tuesday,4,3,1
2015-12-15 01:00:00,Tuesday,1,1,0
2015-12-15 02:00:00,Tuesday,1,0,1
2015-12-15 03:00:00,Tuesday,0,0,0
2015-12-15 04:00:00,Tuesday,2,0,2
2015-12-15 05:00:00,Tuesday,2,0,2
2015-12-15 06:00:00,Tuesday,18,0,18
2015-12-15 07:00:00,Tuesday,71,6,65
2015-12-15 08:00:00,Tuesday,217,19,198
2015-12-15 09:00:00,Tuesday,161,17,144
2015-12-15 10:00:00,Tuesday,73,12,61
2015-12-15 11:00:00,Tuesday,31,11,20
2015-12-15 12:00:00,Tuesday,48,19,29
2015-12-15 13:00:00,Tuesday,45,18,27
2015-12-15 14:00:00,Tuesday,47,17,30
2015-12-15 15:00:00,Tuesday,51,32,19
2015-12-15 16:00:00,Tuesday,71,44,27
2015-12-15 17:00:00,Tuesday,150,123,27
2015-12-15 18:00:00,Tuesday,139,107,32
2015-12-15 19:00:00,Tuesday,83,71,12
2015-12-15 20:00:00,Tuesday,50,38,12
2015-12-15 21:00:00,Tuesday,39,36,3
2015-12-15 22:00:00,Tuesday,22,16,6
2015-12-15 23:00:00,Tuesday,18,14,4
2015-12-16 00:00:00,Wednesday,7,6,1
2015-12-16 01:00:00,Wednesday,3,3,0
2015-12-16 02:00:00,Wednesday,2,2,0
2015-12-16 03:00:00,Wednesday,0,0,0
2015-12-16 04:00:00,Wednesday,0,0,0
2015-12-16 05:00:00,Wednesday,8,1,7
2015-12-16 06:00:00,Wednesday,31,1,30
2015-12-16 07:00:00,Wednesday,110,11,99
2015-12-16 08:00:00,Wednesday,228,27,201
2015-12-16 09:00:00,Wednesday,184,22,162
2015-12-16 10:00:00,Wednesday,73,16,57
2015-12-16 11:00:00,Wednesday,56,15,41
2015-12-16 12:00:00,Wednesday,48,22,26
2015-12-16 13:00:00,Wednesday,58,23,35
2015-12-16 14:00:00,Wednesday,37,17,20
2015-12-16 15:00:00,Wednesday,39,18,21
2015-12-16 16:00:00,Wednesday,0,0,0
2015-12-16 17:00:00,Wednesday,0,0,0
2015-12-16 18:00:00,Wednesday,0,0,0
2015-12-16 19:00:00,Wednesday,0,0,0
2015-12-16 20:00:00,Wednesday,0,0,0
2015-12-16 21:00:00,Wednesday,0,0,0
2015-12-16 22:00:00,Wednesday,0,0,0
2015-12-16 23:00:00,Wednesday,0,0,0
2015-12-17 00:00:00,Thursday,0,0,0
2015-12-17 01:00:00,Thursday,0,0,0
2015-12-17 02:00:00,Thursday,0,0,0
2015-12-17 03:00:00,Thursday,0,0,0
2015-12-17 04:00:00,Thursday,0,0,0
2015-12-17 05:00:00,Thursday,0,0,0
2015-12-17 06:00:00,Thursday,0,0,0
2015-12-17 07:00:00,Thursday,0,0,0
2015-12-17 08:00:00,Thursday,0,0,0
2015-12-17 09:00:00,Thursday,0,0,0
2015-12-17 10:00:00,Thursday,13,2,11
2015-12-17 11:00:00,Thursday,36,13,23
2015-12-17 12:00:00,Thursday,47,22,25
2015-12-17 13:00:00,Thursday,37,23,14
2015-12-17 14:00:00,Thursday,32,19,13
2015-12-17 15:00:00,Thursday,34,20,14
2015-12-17 16:00:00,Thursday,34,25,9
2015-12-17 17:00:00,Thursday,89,74,15
2015-12-17 18:00:00,Thursday,74,57,17
2015-12-17 19:00:00,Thursday,27,24,3
2015-12-17 20:00:00,Thursday,32,28,4
2015-12-17 21:00:00,Thursday,8,6,2
2015-12-17 22:00:00,Thursday,14,12,2
2015-12-17 23:00:00,Thursday,20,19,1
2015-12-18 00:00:00,Friday,3,2,1
2015-12-18 01:00:00,Friday,4,4,0
2015-12-18 02:00:00,Friday,3,3,0
2015-12-18 03:00:00,Friday,2,2,0
2015-12-18 04:00:00,Friday,1,0,1
2015-12-18 05:00:00,Friday,7,1,6
2015-12-18 06:00:00,Friday,23,4,19
2015-12-18 07:00:00,Friday,68,12,56
2015-12-18 08:00:00,Friday,147,19,128
2015-12-18 09:00:00,Friday,127,19,108
2015-12-18 10:00:00,Friday,63,13,50
2015-12-18 11:00:00,Friday,39,11,28
2015-12-18 12:00:00,Friday,39,15,24
2015-12-18 13:00:00,Friday,35,16,19
2015-12-18 14:00:00,Friday,31,17,14
2015-12-18 15:00:00,Friday,45,31,14
2015-12-18 16:00:00,Friday,71,52,19
2015-12-18 17:00:00,Friday,131,106,25
2015-12-18 18:00:00,Friday,80,65,15
2015-12-18 19:00:00,Friday,53,43,10
2015-12-18 20:00:00,Friday,24,16,8
2015-12-18 21:00:00,Friday,17,16,1
2015-12-18 22:00:00,Friday,13,10,3
2015-12-18 23:00:00,Friday,17,12,5
2015-12-19 00:00:00,Saturday,11,10,1
2015-12-19 01:00:00,Saturday,4,3,1
2015-12-19 02:00:00,Saturday,3,3,0
2015-12-19 03:00:00,Saturday,2,2,0
2015-12-19 04:00:00,Saturday,0,0,0
2015-12-19 05:00:00,Saturday,0,0,0
2015-12-19 06:00:00,Saturday,4,0,4
2015-12-19 07:00:00,Saturday,4,0,4
2015-12-19 08:00:00,Saturday,11,2,9
2015-12-19 09:00:00,Saturday,13,3,10
2015-12-19 10:00:00,Saturday,12,5,7
2015-12-19 11:00:00,Saturday,19,7,12
2015-12-19 12:00:00,Saturday,17,7,10
2015-12-19 13:00:00,Saturday,37,16,21
2015-12-19 14:00:00,Saturday,39,11,28
2015-12-19 15:00:00,Saturday,20,9,11
2015-12-19 16:00:00,Saturday,28,20,8
2015-12-19 17:00:00,Saturday,15,10,5
2015-12-19 18:00:00,Saturday,13,9,4
2015-12-19 19:00:00,Saturday,11,6,5
2015-12-19 20:00:00,Saturday,15,9,6
2015-12-19 21:00:00,Saturday,8,5,3
2015-12-19 22:00:00,Saturday,8,6,2
2015-12-19 23:00:00,Saturday,5,4,1
2015-12-20 00:00:00,Sunday,4,3,1
2015-12-20 01:00:00,Sunday,2,1,1
2015-12-20 02:00:00,Sunday,3,3,0
2015-12-20 03:00:00,Sunday,1,1,0
2015-12-20 04:00:00,Sunday,0,0,0
2015-12-20 05:00:00,Sunday,1,0,1
2015-12-20 06:00:00,Sunday,1,0,1
2015-12-20 07:00:00,Sunday,4,2,2
2015-12-20 08:00:00,Sunday,6,2,4
2015-12-20 09:00:00,Sunday,12,5,7
2015-12-20 10:00:00,Sunday,14,5,9
2015-12-20 11:00:00,Sunday,18,6,12
2015-12-20 12:00:00,Sunday,15,8,7
2015-12-20 13:00:00,Sunday,24,10,14
2015-12-20 14:00:00,Sunday,21,6,15
2015-12-20 15:00:00,Sunday,26,12,14
2015-12-20 16:00:00,Sunday,25,15,10
2015-12-20 17:00:00,Sunday,27,13,14
2015-12-20 18:00:00,Sunday,19,13,6
2015-12-20 19:00:00,Sunday,10,6,4
2015-12-20 20:00:00,Sunday,8,6,2
2015-12-20 21:00:00,Sunday,7,6,1
2015-12-20 22:00:00,Sunday,6,5,1
2015-12-20 23:00:00,Sunday,3,2,1
2015-12-21 00:00:00,Monday,10,7,3
2015-12-21 01:00:00,Monday,2,1,1
2015-12-21 02:00:00,Monday,1,1,0
2015-12-21 03:00:00,Monday,0,0,0
2015-12-21 04:00:00,Monday,1,0,1
2015-12-21 05:00:00,Monday,3,0,3
2015-12-21 06:00:00,Monday,21,1,20
2015-12-21 07:00:00,Monday,74,9,65
2015-12-21 08:00:00,Monday,173,15,158
2015-12-21 09:00:00,Monday,134,18,116
2015-12-21 10:00:00,Monday,70,16,54
2015-12-21 11:00:00,Monday,31,9,22
2015-12-21 12:00:00,Monday,26,6,20
2015-12-21 13:00:00,Monday,26,11,15
2015-12-21 14:00:00,Monday,41,21,20
2015-12-21 15:00:00,Monday,37,18,19
2015-12-21 16:00:00,Monday,77,49,28
2015-12-21 17:00:00,Monday,124,102,22
2015-12-21 18:00:00,Monday,119,99,20
2015-12-21 19:00:00,Monday,57,50,7
2015-12-21 20:00:00,Monday,34,28,6
2015-12-21 21:00:00,Monday,15,15,0
2015-12-21 22:00:00,Monday,13,12,1
2015-12-21 23:00:00,Monday,7,4,3
2015-12-22 00:00:00,Tuesday,4,2,2
2015-12-22 01:00:00,Tuesday,1,1,0
2015-12-22 02:00:00,Tuesday,1,1,0
2015-12-22 03:00:00,Tuesday,2,2,0
2015-12-22 04:00:00,Tuesday,0,0,0
2015-12-22 05:00:00,Tuesday,5,1,4
2015-12-22 06:00:00,Tuesday,17,4,13
2015-12-22 07:00:00,Tuesday,38,2,36
2015-12-22 08:00:00,Tuesday,77,6,71
2015-12-22 09:00:00,Tuesday,68,5,63
2015-12-22 10:00:00,Tuesday,35,9,26
2015-12-22 11:00:00,Tuesday,21,9,12
2015-12-22 12:00:00,Tuesday,16,7,9
2015-12-22 13:00:00,Tuesday,16,8,8
2015-12-22 14:00:00,Tuesday,21,14,7
2015-12-22 15:00:00,Tuesday,18,11,7
2015-12-22 16:00:00,Tuesday,32,21,11
2015-12-22 17:00:00,Tuesday,51,44,7
2015-12-22 18:00:00,Tuesday,59,48,11
2015-12-22 19:00:00,Tuesday,32,27,5
2015-12-22 20:00:00,Tuesday,9,5,4
2015-12-22 21:00:00,Tuesday,8,5,3
2015-12-22 22:00:00,Tuesday,6,4,2
2015-12-22 23:00:00,Tuesday,8,4,4
2015-12-23 00:00:00,Wednesday,0,0,0
2015-12-23 01:00:00,Wednesday,0,0,0
2015-12-23 02:00:00,Wednesday,3,3,0
2015-12-23 03:00:00,Wednesday,1,1,0
2015-12-23 04:00:00,Wednesday,2,1,1
2015-12-23 05:00:00,Wednesday,4,1,3
2015-12-23 06:00:00,Wednesday,12,2,10
2015-12-23 07:00:00,Wednesday,32,4,28
2015-12-23 08:00:00,Wednesday,89,2,87
2015-12-23 09:00:00,Wednesday,70,13,57
2015-12-23 10:00:00,Wednesday,39,10,29
2015-12-23 11:00:00,Wednesday,36,5,31
2015-12-23 12:00:00,Wednesday,36,15,21
2015-12-23 13:00:00,Wednesday,31,20,11
2015-12-23 14:00:00,Wednesday,30,16,14
2015-12-23 15:00:00,Wednesday,47,32,15
2015-12-23 16:00:00,Wednesday,58,42,16
2015-12-23 17:00:00,Wednesday,62,52,10
2015-12-23 18:00:00,Wednesday,34,29,5
2015-12-23 19:00:00,Wednesday,12,12,0
2015-12-23 20:00:00,Wednesday,4,4,0
2015-12-23 21:00:00,Wednesday,6,2,4
2015-12-23 22:00:00,Wednesday,2,2,0
2015-12-23 23:00:00,Wednesday,2,2,0
2015-12-24 00:00:00,Thursday,0,0,0
2015-12-24 01:00:00,Thursday,1,1,0
2015-12-24 02:00:00,Thursday,1,1,0
2015-12-24 03:00:00,Thursday,1,0,1
2015-12-24 04:00:00,Thursday,0,0,0
2015-12-24 05:00:00,Thursday,2,0,2
2015-12-24 06:00:00,Thursday,9,3,6
2015-12-24 07:00:00,Thursday,19,0,19
2015-12-24 08:00:00,Thursday,29,2,27
2015-12-24 09:00:00,Thursday,38,5,33
2015-12-24 10:00:00,Thursday,16,5,11
2015-12-24 11:00:00,Thursday,15,8,7
2015-12-24 12:00:00,Thursday,14,9,5
2015-12-24 13:00:00,Thursday,35,18,17
2015-12-24 14:00:00,Thursday,36,24,12
2015-12-24 15:00:00,Thursday,34,17,17
2015-12-24 16:00:00,Thursday,23,18,5
2015-12-24 17:00:00,Thursday,15,13,2
2015-12-24 18:00:00,Thursday,10,6,4
2015-12-24 19:00:00,Thursday,9,7,2
2015-12-24 20:00:00,Thursday,3,2,1
2015-12-24 21:00:00,Thursday,2,1,1
2015-12-24 22:00:00,Thursday,8,7,1
2015-12-24 23:00:00,Thursday,4,2,2
2015-12-25 00:00:00,Friday,6,6,0
2015-12-25 01:00:00,Friday,1,1,0
2015-12-25 02:00:00,Friday,1,1,0
2015-12-25 03:00:00,Friday,0,0,0
2015-12-25 04:00:00,Friday,1,1,0
2015-12-25 05:00:00,Friday,0,0,0
2015-12-25 06:00:00,Friday,3,0,3
2015-12-25 07:00:00,Friday,3,0,3
2015-12-25 08:00:00,Friday,4,0,4
2015-12-25 09:00:00,Friday,7,0,7
2015-12-25 10:00:00,Friday,4,0,4
2015-12-25 11:00:00,Friday,10,7,3
2015-12-25 12:00:00,Friday,11,5,6
2015-12-25 13:00:00,Friday,24,8,16
2015-12-25 14:00:00,Friday,11,4,7
2015-12-25 15:00:00,Friday,16,7,9
2015-12-25 16:00:00,Friday,13,7,6
2015-12-25 17:00:00,Friday,10,8,2
2015-12-25 18:00:00,Friday,4,2,2
2015-12-25 19:00:00,Friday,3,1,2
2015-12-25 20:00:00,Friday,4,3,1
2015-12-25 21:00:00,Friday,7,3,4
2015-12-25 22:00:00,Friday,3,2,1
2015-12-25 23:00:00,Friday,5,4,1
2015-12-26 00:00:00,Saturday,0,0,0
2015-12-26 01:00:00,Saturday,2,2,0
2015-12-26 02:00:00,Saturday,4,4,0
2015-12-26 03:00:00,Saturday,0,0,0
2015-12-26 04:00:00,Saturday,0,0,0
2015-12-26 05:00:00,Saturday,1,0,1
2015-12-26 06:00:00,Saturday,3,0,3
2015-12-26 07:00:00,Saturday,3,0,3
2015-12-26 08:00:00,Saturday,8,1,7
2015-12-26 09:00:00,Saturday,7,4,3
2015-12-26 10:00:00,Saturday,6,1,5
2015-12-26 11:00:00,Saturday,11,6,5
2015-12-26 12:00:00,Saturday,19,8,11
2015-12-26 13:00:00,Saturday,10,4,6
2015-12-26 14:00:00,Saturday,12,6,6
2015-12-26 15:00:00,Saturday,17,12,5
2015-12-26 16:00:00,Saturday,13,7,6
2015-12-26 17:00:00,Saturday,13,6,7
2015-12-26 18:00:00,Saturday,8,5,3
2015-12-26 19:00:00,Saturday,11,4,7
2015-12-26 20:00:00,Saturday,8,5,3
2015-12-26 21:00:00,Saturday,2,0,2
2015-12-26 22:00:00,Saturday,4,3,1
2015-12-26 23:00:00,Saturday,2,2,0
2015-12-27 00:00:00,Sunday,3,3,0
2015-12-27 01:00:00,Sunday,0,0,0
2015-12-27 02:00:00,Sunday,0,0,0
2015-12-27 03:00:00,Sunday,0,0,0
2015-12-27 04:00:00,Sunday,0,0,0
2015-12-27 05:00:00,Sunday,1,0,1
2015-12-27 06:00:00,Sunday,1,0,1
2015-12-27 07:00:00,Sunday,1,0,1
2015-12-27 08:00:00,Sunday,4,0,4
2015-12-27 09:00:00,Sunday,4,0,4
2015-12-27 10:00:00,Sunday,6,3,3
2015-12-27 11:00:00,Sunday,10,7,3
2015-12-27 12:00:00,Sunday,8,4,4
2015-12-27 13:00:00,Sunday,6,2,4
2015-12-27 14:00:00,Sunday,11,4,7
2015-12-27 15:00:00,Sunday,17,7,10
2015-12-27 16:00:00,Sunday,10,7,3
2015-12-27 17:00:00,Sunday,4,1,3
2015-12-27 18:00:00,Sunday,6,1,5
2015-12-27 19:00:00,Sunday,8,6,2
2015-12-27 20:00:00,Sunday,5,5,0
2015-12-27 21:00:00,Sunday,3,3,0
2015-12-27 22:00:00,Sunday,2,2,0
2015-12-27 23:00:00,Sunday,1,1,0
2015-12-28 00:00:00,Monday,1,1,0
2015-12-28 01:00:00,Monday,1,1,0
2015-12-28 02:00:00,Monday,0,0,0
2015-12-28 03:00:00,Monday,0,0,0
2015-12-28 04:00:00,Monday,1,0,1
2015-12-28 05:00:00,Monday,1,0,1
2015-12-28 06:00:00,Monday,19,1,18
2015-12-28 07:00:00,Monday,39,6,33
2015-12-28 08:00:00,Monday,74,6,68
2015-12-28 09:00:00,Monday,63,6,57
2015-12-28 10:00:00,Monday,46,7,39
2015-12-28 11:00:00,Monday,19,5,14
2015-12-28 12:00:00,Monday,23,8,15
2015-12-28 13:00:00,Monday,13,11,2
2015-12-28 14:00:00,Monday,27,13,14
2015-12-28 15:00:00,Monday,18,13,5
2015-12-28 16:00:00,Monday,43,29,14
2015-12-28 17:00:00,Monday,75,70,5
2015-12-28 18:00:00,Monday,51,42,9
2015-12-28 19:00:00,Monday,27,24,3
2015-12-28 20:00:00,Monday,9,9,0
2015-12-28 21:00:00,Monday,8,5,3
2015-12-28 22:00:00,Monday,6,6,0
2015-12-28 23:00:00,Monday,4,4,0
2015-12-29 00:00:00,Tuesday,3,2,1
2015-12-29 01:00:00,Tuesday,1,1,0
2015-12-29 02:00:00,Tuesday,0,0,0
2015-12-29 03:00:00,Tuesday,2,2,0
2015-12-29 04:00:00,Tuesday,1,0,1
2015-12-29 05:00:00,Tuesday,0,0,0
2015-12-29 06:00:00,Tuesday,2,0,2
2015-12-29 07:00:00,Tuesday,0,0,0
2015-12-29 08:00:00,Tuesday,0,0,0
2015-12-29 09:00:00,Tuesday,0,0,0
2015-12-29 10:00:00,Tuesday,2,1,1
2015-12-29 11:00:00,Tuesday,2,2,0
2015-12-29 12:00:00,Tuesday,1,0,1
2015-12-29 13:00:00,Tuesday,6,1,5
2015-12-29 14:00:00,Tuesday,8,2,6
2015-12-29 15:00:00,Tuesday,4,1,3
2015-12-29 16:00:00,Tuesday,9,5,4
2015-12-29 17:00:00,Tuesday,14,12,2
2015-12-29 18:00:00,Tuesday,13,11,2
2015-12-29 19:00:00,Tuesday,5,4,1
2015-12-29 20:00:00,Tuesday,3,3,0
2015-12-29 21:00:00,Tuesday,2,2,0
2015-12-29 22:00:00,Tuesday,1,1,0
2015-12-29 23:00:00,Tuesday,1,1,0
2015-12-30 00:00:00,Wednesday,0,0,0
2015-12-30 01:00:00,Wednesday,1,1,0
2015-12-30 02:00:00,Wednesday,1,1,0
2015-12-30 03:00:00,Wednesday,0,0,0
2015-12-30 04:00:00,Wednesday,0,0,0
2015-12-30 05:00:00,Wednesday,1,0,1
2015-12-30 06:00:00,Wednesday,2,1,1
2015-12-30 07:00:00,Wednesday,10,2,8
2015-12-30 08:00:00,Wednesday,27,4,23
2015-12-30 09:00:00,Wednesday,24,3,21
2015-12-30 10:00:00,Wednesday,21,7,14
2015-12-30 11:00:00,Wednesday,13,4,9
2015-12-30 12:00:00,Wednesday,9,5,4
2015-12-30 13:00:00,Wednesday,9,3,6
2015-12-30 14:00:00,Wednesday,13,5,8
2015-12-30 15:00:00,Wednesday,13,10,3
2015-12-30 16:00:00,Wednesday,14,8,6
2015-12-30 17:00:00,Wednesday,33,28,5
2015-12-30 18:00:00,Wednesday,34,27,7
2015-12-30 19:00:00,Wednesday,17,12,5
2015-12-30 20:00:00,Wednesday,13,9,4
2015-12-30 21:00:00,Wednesday,2,1,1
2015-12-30 22:00:00,Wednesday,2,0,2
2015-12-30 23:00:00,Wednesday,1,1,0
2015-12-31 00:00:00,Thursday,2,1,1
2015-12-31 01:00:00,Thursday,1,1,0
2015-12-31 02:00:00,Thursday,1,1,0
2015-12-31 03:00:00,Thursday,0,0,0
2015-12-31 04:00:00,Thursday,2,0,2
2015-12-31 05:00:00,Thursday,1,0,1
2015-12-31 06:00:00,Thursday,5,0,5
2015-12-31 07:00:00,Thursday,15,3,12
2015-12-31 08:00:00,Thursday,38,2,36
2015-12-31 09:00:00,Thursday,31,4,27
2015-12-31 10:00:00,Thursday,19,4,15
2015-12-31 11:00:00,Thursday,9,3,6
2015-12-31 12:00:00,Thursday,29,11,18
2015-12-31 13:00:00,Thursday,30,18,12
2015-12-31 14:00:00,Thursday,25,17,8
2015-12-31 15:00:00,Thursday,38,24,14
2015-12-31 16:00:00,Thursday,26,20,6
2015-12-31 17:00:00,Thursday,25,18,7
2015-12-31 18:00:00,Thursday,25,9,16
2015-12-31 19:00:00,Thursday,8,2,6
2015-12-31 20:00:00,Thursday,6,4,2
2015-12-31 21:00:00,Thursday,4,2,2
2015-12-31 22:00:00,Thursday,5,3,2
2015-12-31 23:00:00,Thursday,3,3,0
2016-01-01 00:00:00,Friday,3,3,0
2016-01-01 01:00:00,Friday,1,0,1
2016-01-01 02:00:00,Friday,3,3,0
2016-01-01 03:00:00,Friday,2,1,1
2016-01-01 04:00:00,Friday,1,0,1
2016-01-01 05:00:00,Friday,2,0,2
2016-01-01 06:00:00,Friday,2,0,2
2016-01-01 07:00:00,Friday,1,0,1
2016-01-01 08:00:00,Friday,4,3,1
2016-01-01 09:00:00,Friday,3,0,3
2016-01-01 10:00:00,Friday,10,2,8
2016-01-01 11:00:00,Friday,12,5,7
2016-01-01 12:00:00,Friday,10,3,7
2016-01-01 13:00:00,Friday,9,6,3
2016-01-01 14:00:00,Friday,19,4,15
2016-01-01 15:00:00,Friday,15,8,7
2016-01-01 16:00:00,Friday,16,10,6
2016-01-01 17:00:00,Friday,8,7,1
2016-01-01 18:00:00,Friday,13,8,5
2016-01-01 19:00:00,Friday,5,4,1
2016-01-01 20:00:00,Friday,1,1,0
2016-01-01 21:00:00,Friday,1,1,0
2016-01-01 22:00:00,Friday,10,7,3
2016-01-01 23:00:00,Friday,6,4,2
2016-01-02 00:00:00,Saturday,2,1,1
2016-01-02 01:00:00,Saturday,2,2,0
2016-01-02 02:00:00,Saturday,0,0,0
2016-01-02 03:00:00,Saturday,0,0,0
2016-01-02 04:00:00,Saturday,1,0,1
2016-01-02 05:00:00,Saturday,0,0,0
2016-01-02 06:00:00,Saturday,0,0,0
2016-01-02 07:00:00,Saturday,3,1,2
2016-01-02 08:00:00,Saturday,6,3,3
2016-01-02 09:00:00,Saturday,6,1,5
2016-01-02 10:00:00,Saturday,16,4,12
2016-01-02 11:00:00,Saturday,10,6,4
2016-01-02 12:00:00,Saturday,24,9,15
2016-01-02 13:00:00,Saturday,22,4,18
2016-01-02 14:00:00,Saturday,16,10,6
2016-01-02 15:00:00,Saturday,14,10,4
2016-01-02 16:00:00,Saturday,17,7,10
2016-01-02 17:00:00,Saturday,16,11,5
2016-01-02 18:00:00,Saturday,10,5,5
2016-01-02 19:00:00,Saturday,9,7,2
2016-01-02 20:00:00,Saturday,4,2,2
2016-01-02 21:00:00,Saturday,6,5,1
2016-01-02 22:00:00,Saturday,0,0,0
2016-01-02 23:00:00,Saturday,8,7,1
2016-01-03 00:00:00,Sunday,4,2,2
2016-01-03 01:00:00,Sunday,2,2,0
2016-01-03 02:00:00,Sunday,2,1,1
2016-01-03 03:00:00,Sunday,0,0,0
2016-01-03 04:00:00,Sunday,0,0,0
2016-01-03 05:00:00,Sunday,1,0,1
2016-01-03 06:00:00,Sunday,4,0,4
2016-01-03 07:00:00,Sunday,2,1,1
2016-01-03 08:00:00,Sunday,7,4,3
2016-01-03 09:00:00,Sunday,7,1,6
2016-01-03 10:00:00,Sunday,10,6,4
2016-01-03 11:00:00,Sunday,11,3,8
2016-01-03 12:00:00,Sunday,21,12,9
2016-01-03 13:00:00,Sunday,21,11,10
2016-01-03 14:00:00,Sunday,12,7,5
2016-01-03 15:00:00,Sunday,10,2,8
2016-01-03 16:00:00,Sunday,6,2,4
2016-01-03 17:00:00,Sunday,12,8,4
2016-01-03 18:00:00,Sunday,12,8,4
2016-01-03 19:00:00,Sunday,6,4,2
2016-01-03 20:00:00,Sunday,3,1,2
2016-01-03 21:00:00,Sunday,7,6,1
2016-01-03 22:00:00,Sunday,4,3,1
2016-01-03 23:00:00,Sunday,2,2,0
2016-01-04 00:00:00,Monday,2,2,0
2016-01-04 01:00:00,Monday,0,0,0
2016-01-04 02:00:00,Monday,1,0,1
2016-01-04 03:00:00,Monday,0,0,0
2016-01-04 04:00:00,Monday,1,1,0
2016-01-04 05:00:00,Monday,4,0,4
2016-01-04 06:00:00,Monday,23,3,20
2016-01-04 07:00:00,Monday,52,7,45
2016-01-04 08:00:00,Monday,153,15,138
2016-01-04 09:00:00,Monday,79,9,70
2016-01-04 10:00:00,Monday,52,14,38
2016-01-04 11:00:00,Monday,24,7,17
2016-01-04 12:00:00,Monday,25,9,16
2016-01-04 13:00:00,Monday,16,7,9
2016-01-04 14:00:00,Monday,16,11,5
2016-01-04 15:00:00,Monday,23,17,6
2016-01-04 16:00:00,Monday,36,28,8
2016-01-04 17:00:00,Monday,134,117,17
2016-01-04 18:00:00,Monday,114,98,16
2016-01-04 19:00:00,Monday,46,43,3
2016-01-04 20:00:00,Monday,17,14,3
2016-01-04 21:00:00,Monday,11,8,3
2016-01-04 22:00:00,Monday,5,5,0
2016-01-04 23:00:00,Monday,4,4,0
2016-01-05 00:00:00,Tuesday,3,3,0
2016-01-05 01:00:00,Tuesday,0,0,0
2016-01-05 02:00:00,Tuesday,1,0,1
2016-01-05 03:00:00,Tuesday,1,1,0
2016-01-05 04:00:00,Tuesday,1,0,1
2016-01-05 05:00:00,Tuesday,5,0,5
2016-01-05 06:00:00,Tuesday,14,2,12
2016-01-05 07:00:00,Tuesday,37,3,34
2016-01-05 08:00:00,Tuesday,107,12,95
2016-01-05 09:00:00,Tuesday,77,5,72
2016-01-05 10:00:00,Tuesday,33,7,26
2016-01-05 11:00:00,Tuesday,15,5,10
2016-01-05 12:00:00,Tuesday,20,5,15
2016-01-05 13:00:00,Tuesday,19,12,7
2016-01-05 14:00:00,Tuesday,16,8,8
2016-01-05 15:00:00,Tuesday,17,12,5
2016-01-05 16:00:00,Tuesday,23,13,10
2016-01-05 17:00:00,Tuesday,87,70,17
2016-01-05 18:00:00,Tuesday,95,78,17
2016-01-05 19:00:00,Tuesday,48,40,8
2016-01-05 20:00:00,Tuesday,17,16,1
2016-01-05 21:00:00,Tuesday,10,10,0
2016-01-05 22:00:00,Tuesday,15,11,4
2016-01-05 23:00:00,Tuesday,7,6,1
2016-01-06 00:00:00,Wednesday,1,1,0
2016-01-06 01:00:00,Wednesday,0,0,0
2016-01-06 02:00:00,Wednesday,1,0,1
2016-01-06 03:00:00,Wednesday,0,0,0
2016-01-06 04:00:00,Wednesday,1,1,0
2016-01-06 05:00:00,Wednesday,5,0,5
2016-01-06 06:00:00,Wednesday,18,2,16
2016-01-06 07:00:00,Wednesday,61,7,54
2016-01-06 08:00:00,Wednesday,168,20,148
2016-01-06 09:00:00,Wednesday,90,9,81
2016-01-06 10:00:00,Wednesday,43,7,36
2016-01-06 11:00:00,Wednesday,19,6,13
2016-01-06 12:00:00,Wednesday,24,6,18
2016-01-06 13:00:00,Wednesday,22,5,17
2016-01-06 14:00:00,Wednesday,15,3,12
2016-01-06 15:00:00,Wednesday,37,21,16
2016-01-06 16:00:00,Wednesday,61,46,15
2016-01-06 17:00:00,Wednesday,108,97,11
2016-01-06 18:00:00,Wednesday,102,90,12
2016-01-06 19:00:00,Wednesday,69,53,16
2016-01-06 20:00:00,Wednesday,30,25,5
2016-01-06 21:00:00,Wednesday,18,16,2
2016-01-06 22:00:00,Wednesday,11,8,3
2016-01-06 23:00:00,Wednesday,7,7,0
2016-01-07 00:00:00,Thursday,2,1,1
2016-01-07 01:00:00,Thursday,5,5,0
2016-01-07 02:00:00,Thursday,4,3,1
2016-01-07 03:00:00,Thursday,0,0,0
2016-01-07 04:00:00,Thursday,0,0,0
2016-01-07 05:00:00,Thursday,5,0,5
2016-01-07 06:00:00,Thursday,26,4,22
2016-01-07 07:00:00,Thursday,64,9,55
2016-01-07 08:00:00,Thursday,164,21,143
2016-01-07 09:00:00,Thursday,117,18,99
2016-01-07 10:00:00,Thursday,55,10,45
2016-01-07 11:00:00,Thursday,28,7,21
2016-01-07 12:00:00,Thursday,35,22,13
2016-01-07 13:00:00,Thursday,35,13,22
2016-01-07 14:00:00,Thursday,40,22,18
2016-01-07 15:00:00,Thursday,42,22,20
2016-01-07 16:00:00,Thursday,53,35,18
2016-01-07 17:00:00,Thursday,119,108,11
2016-01-07 18:00:00,Thursday,121,99,22
2016-01-07 19:00:00,Thursday,61,51,10
2016-01-07 20:00:00,Thursday,33,29,4
2016-01-07 21:00:00,Thursday,19,18,1
2016-01-07 22:00:00,Thursday,16,13,3
2016-01-07 23:00:00,Thursday,9,9,0
2016-01-08 00:00:00,Friday,4,4,0
2016-01-08 01:00:00,Friday,4,3,1
2016-01-08 02:00:00,Friday,1,0,1
2016-01-08 03:00:00,Friday,0,0,0
2016-01-08 04:00:00,Friday,0,0,0
2016-01-08 05:00:00,Friday,6,0,6
2016-01-08 06:00:00,Friday,21,1,20
2016-01-08 07:00:00,Friday,63,11,52
2016-01-08 08:00:00,Friday,153,15,138
2016-01-08 09:00:00,Friday,91,16,75
2016-01-08 10:00:00,Friday,49,10,39
2016-01-08 11:00:00,Friday,34,10,24
2016-01-08 12:00:00,Friday,31,14,17
2016-01-08 13:00:00,Friday,21,11,10
2016-01-08 14:00:00,Friday,36,24,12
2016-01-08 15:00:00,Friday,34,22,12
2016-01-08 16:00:00,Friday,61,41,20
2016-01-08 17:00:00,Friday,111,98,13
2016-01-08 18:00:00,Friday,90,70,20
2016-01-08 19:00:00,Friday,45,31,14
2016-01-08 20:00:00,Friday,20,20,0
2016-01-08 21:00:00,Friday,14,13,1
2016-01-08 22:00:00,Friday,9,7,2
2016-01-08 23:00:00,Friday,3,3,0
2016-01-09 00:00:00,Saturday,7,5,2
2016-01-09 01:00:00,Saturday,3,3,0
2016-01-09 02:00:00,Saturday,1,1,0
2016-01-09 03:00:00,Saturday,3,3,0
2016-01-09 04:00:00,Saturday,1,1,0
2016-01-09 05:00:00,Saturday,2,0,2
2016-01-09 06:00:00,Saturday,4,0,4
2016-01-09 07:00:00,Saturday,4,0,4
2016-01-09 08:00:00,Saturday,10,7,3
2016-01-09 09:00:00,Saturday,15,3,12
2016-01-09 10:00:00,Saturday,20,7,13
2016-01-09 11:00:00,Saturday,15,7,8
2016-01-09 12:00:00,Saturday,13,4,9
2016-01-09 13:00:00,Saturday,11,5,6
2016-01-09 14:00:00,Saturday,22,8,14
2016-01-09 15:00:00,Saturday,17,9,8
2016-01-09 16:00:00,Saturday,20,15,5
2016-01-09 17:00:00,Saturday,13,11,2
2016-01-09 18:00:00,Saturday,15,13,2
2016-01-09 19:00:00,Saturday,20,8,12
2016-01-09 20:00:00,Saturday,12,8,4
2016-01-09 21:00:00,Saturday,9,8,1
2016-01-09 22:00:00,Saturday,7,7,0
2016-01-09 23:00:00,Saturday,13,12,1
2016-01-10 00:00:00,Sunday,12,12,0
2016-01-10 01:00:00,Sunday,4,4,0
2016-01-10 02:00:00,Sunday,1,0,1
2016-01-10 03:00:00,Sunday,0,0,0
2016-01-10 04:00:00,Sunday,1,1,0
2016-01-10 05:00:00,Sunday,3,1,2
2016-01-10 06:00:00,Sunday,6,3,3
2016-01-10 07:00:00,Sunday,0,0,0
2016-01-10 08:00:00,Sunday,2,1,1
2016-01-10 09:00:00,Sunday,1,0,1
2016-01-10 10:00:00,Sunday,4,2,2
2016-01-10 11:00:00,Sunday,6,4,2
2016-01-10 12:00:00,Sunday,1,1,0
2016-01-10 13:00:00,Sunday,8,5,3
2016-01-10 14:00:00,Sunday,1,1,0
2016-01-10 15:00:00,Sunday,3,1,2
2016-01-10 16:00:00,Sunday,2,1,1
2016-01-10 17:00:00,Sunday,7,3,4
2016-01-10 18:00:00,Sunday,4,2,2
2016-01-10 19:00:00,Sunday,5,5,0
2016-01-10 20:00:00,Sunday,4,3,1
2016-01-10 21:00:00,Sunday,4,3,1
2016-01-10 22:00:00,Sunday,2,2,0
2016-01-10 23:00:00,Sunday,1,0,1
2016-01-11 00:00:00,Monday,1,1,0
2016-01-11 01:00:00,Monday,1,1,0
2016-01-11 02:00:00,Monday,0,0,0
2016-01-11 03:00:00,Monday,0,0,0
2016-01-11 04:00:00,Monday,2,1,1
2016-01-11 05:00:00,Monday,4,1,3
2016-01-11 06:00:00,Monday,19,3,16
2016-01-11 07:00:00,Monday,59,4,55
2016-01-11 08:00:00,Monday,147,17,130
2016-01-11 09:00:00,Monday,113,17,96
2016-01-11 10:00:00,Monday,43,12,31
2016-01-11 11:00:00,Monday,26,8,18
2016-01-11 12:00:00,Monday,30,9,21
2016-01-11 13:00:00,Monday,19,13,6
2016-01-11 14:00:00,Monday,22,13,9
2016-01-11 15:00:00,Monday,16,11,5
2016-01-11 16:00:00,Monday,44,32,12
2016-01-11 17:00:00,Monday,121,98,23
2016-01-11 18:00:00,Monday,116,103,13
2016-01-11 19:00:00,Monday,63,55,8
2016-01-11 20:00:00,Monday,34,31,3
2016-01-11 21:00:00,Monday,19,17,2
2016-01-11 22:00:00,Monday,13,10,3
2016-01-11 23:00:00,Monday,2,1,1
2016-01-12 00:00:00,Tuesday,1,1,0
2016-01-12 01:00:00,Tuesday,0,0,0
2016-01-12 02:00:00,Tuesday,4,2,2
2016-01-12 03:00:00,Tuesday,0,0,0
2016-01-12 04:00:00,Tuesday,1,0,1
2016-01-12 05:00:00,Tuesday,3,0,3
2016-01-12 06:00:00,Tuesday,17,1,16
2016-01-12 07:00:00,Tuesday,48,6,42
2016-01-12 08:00:00,Tuesday,138,15,123
2016-01-12 09:00:00,Tuesday,111,19,92
2016-01-12 10:00:00,Tuesday,36,8,28
2016-01-12 11:00:00,Tuesday,29,9,20
2016-01-12 12:00:00,Tuesday,30,14,16
2016-01-12 13:00:00,Tuesday,23,10,13
2016-01-12 14:00:00,Tuesday,17,13,4
2016-01-12 15:00:00,Tuesday,19,12,7
2016-01-12 16:00:00,Tuesday,56,44,12
2016-01-12 17:00:00,Tuesday,114,92,22
2016-01-12 18:00:00,Tuesday,101,81,20
2016-01-12 19:00:00,Tuesday,45,40,5
2016-01-12 20:00:00,Tuesday,13,12,1
2016-01-12 21:00:00,Tuesday,9,9,0
2016-01-12 22:00:00,Tuesday,7,6,1
2016-01-12 23:00:00,Tuesday,7,6,1
2016-01-13 00:00:00,Wednesday,1,1,0
2016-01-13 01:00:00,Wednesday,0,0,0
2016-01-13 02:00:00,Wednesday,2,2,0
2016-01-13 03:00:00,Wednesday,0,0,0
2016-01-13 04:00:00,Wednesday,1,0,1
2016-01-13 05:00:00,Wednesday,0,0,0
2016-01-13 06:00:00,Wednesday,10,1,9
2016-01-13 07:00:00,Wednesday,31,3,28
2016-01-13 08:00:00,Wednesday,104,12,92
2016-01-13 09:00:00,Wednesday,77,13,64
2016-01-13 10:00:00,Wednesday,42,5,37
2016-01-13 11:00:00,Wednesday,14,2,12
2016-01-13 12:00:00,Wednesday,19,5,14
2016-01-13 13:00:00,Wednesday,14,7,7
2016-01-13 14:00:00,Wednesday,10,5,5
2016-01-13 15:00:00,Wednesday,13,2,11
2016-01-13 16:00:00,Wednesday,37,30,7
2016-01-13 17:00:00,Wednesday,79,71,8
2016-01-13 18:00:00,Wednesday,77,65,12
2016-01-13 19:00:00,Wednesday,46,36,10
2016-01-13 20:00:00,Wednesday,27,24,3
2016-01-13 21:00:00,Wednesday,16,13,3
2016-01-13 22:00:00,Wednesday,7,5,2
2016-01-13 23:00:00,Wednesday,4,3,1
2016-01-14 00:00:00,Thursday,1,1,0
2016-01-14 01:00:00,Thursday,1,0,1
2016-01-14 02:00:00,Thursday,3,2,1
2016-01-14 03:00:00,Thursday,0,0,0
2016-01-14 04:00:00,Thursday,1,0,1
2016-01-14 05:00:00,Thursday,2,0,2
2016-01-14 06:00:00,Thursday,19,2,17
2016-01-14 07:00:00,Thursday,39,6,33
2016-01-14 08:00:00,Thursday,109,16,93
2016-01-14 09:00:00,Thursday,87,12,75
2016-01-14 10:00:00,Thursday,47,8,39
2016-01-14 11:00:00,Thursday,14,3,11
2016-01-14 12:00:00,Thursday,27,12,15
2016-01-14 13:00:00,Thursday,19,6,13
2016-01-14 14:00:00,Thursday,23,13,10
2016-01-14 15:00:00,Thursday,26,17,9
2016-01-14 16:00:00,Thursday,42,30,12
2016-01-14 17:00:00,Thursday,82,65,17
2016-01-14 18:00:00,Thursday,80,70,10
2016-01-14 19:00:00,Thursday,48,47,1
2016-01-14 20:00:00,Thursday,34,28,6
2016-01-14 21:00:00,Thursday,13,8,5
2016-01-14 22:00:00,Thursday,14,13,1
2016-01-14 23:00:00,Thursday,4,4,0
2016-01-15 00:00:00,Friday,6,6,0
2016-01-15 01:00:00,Friday,4,4,0
2016-01-15 02:00:00,Friday,2,1,1
2016-01-15 03:00:00,Friday,1,1,0
2016-01-15 04:00:00,Friday,0,0,0
2016-01-15 05:00:00,Friday,4,1,3
2016-01-15 06:00:00,Friday,19,5,14
2016-01-15 07:00:00,Friday,36,5,31
2016-01-15 08:00:00,Friday,123,12,111
2016-01-15 09:00:00,Friday,107,12,95
2016-01-15 10:00:00,Friday,41,11,30
2016-01-15 11:00:00,Friday,21,7,14
2016-01-15 12:00:00,Friday,25,9,16
2016-01-15 13:00:00,Friday,24,13,11
2016-01-15 14:00:00,Friday,18,10,8
2016-01-15 15:00:00,Friday,31,22,9
2016-01-15 16:00:00,Friday,55,39,16
2016-01-15 17:00:00,Friday,109,87,22
2016-01-15 18:00:00,Friday,88,69,19
2016-01-15 19:00:00,Friday,36,34,2
2016-01-15 20:00:00,Friday,18,14,4
2016-01-15 21:00:00,Friday,8,7,1
2016-01-15 22:00:00,Friday,10,9,1
2016-01-15 23:00:00,Friday,6,5,1
2016-01-16 00:00:00,Saturday,7,5,2
2016-01-16 01:00:00,Saturday,0,0,0
2016-01-16 02:00:00,Saturday,1,1,0
2016-01-16 03:00:00,Saturday,1,1,0
2016-01-16 04:00:00,Saturday,0,0,0
2016-01-16 05:00:00,Saturday,0,0,0
2016-01-16 06:00:00,Saturday,3,0,3
2016-01-16 07:00:00,Saturday,0,0,0
2016-01-16 08:00:00,Saturday,3,1,2
2016-01-16 09:00:00,Saturday,5,0,5
2016-01-16 10:00:00,Saturday,2,0,2
2016-01-16 11:00:00,Saturday,4,3,1
2016-01-16 12:00:00,Saturday,6,3,3
2016-01-16 13:00:00,Saturday,14,4,10
2016-01-16 14:00:00,Saturday,15,6,9
2016-01-16 15:00:00,Saturday,13,5,8
2016-01-16 16:00:00,Saturday,12,8,4
2016-01-16 17:00:00,Saturday,14,11,3
2016-01-16 18:00:00,Saturday,14,8,6
2016-01-16 19:00:00,Saturday,14,9,5
2016-01-16 20:00:00,Saturday,10,10,0
2016-01-16 21:00:00,Saturday,12,4,8
2016-01-16 22:00:00,Saturday,15,12,3
2016-01-16 23:00:00,Saturday,11,10,1
2016-01-17 00:00:00,Sunday,7,4,3
2016-01-17 01:00:00,Sunday,4,4,0
2016-01-17 02:00:00,Sunday,8,8,0
2016-01-17 03:00:00,Sunday,0,0,0
2016-01-17 04:00:00,Sunday,0,0,0
2016-01-17 05:00:00,Sunday,0,0,0
2016-01-17 06:00:00,Sunday,0,0,0
2016-01-17 07:00:00,Sunday,2,1,1
2016-01-17 08:00:00,Sunday,6,3,3
2016-01-17 09:00:00,Sunday,10,2,8
2016-01-17 10:00:00,Sunday,15,2,13
2016-01-17 11:00:00,Sunday,8,5,3
2016-01-17 12:00:00,Sunday,19,7,12
2016-01-17 13:00:00,Sunday,17,5,12
2016-01-17 14:00:00,Sunday,19,11,8
2016-01-17 15:00:00,Sunday,12,9,3
2016-01-17 16:00:00,Sunday,26,18,8
2016-01-17 17:00:00,Sunday,13,9,4
2016-01-17 18:00:00,Sunday,17,14,3
2016-01-17 19:00:00,Sunday,9,6,3
2016-01-17 20:00:00,Sunday,6,4,2
2016-01-17 21:00:00,Sunday,2,2,0
2016-01-17 22:00:00,Sunday,7,5,2
2016-01-17 23:00:00,Sunday,2,2,0
2016-01-18 00:00:00,Monday,5,4,1
2016-01-18 01:00:00,Monday,0,0,0
2016-01-18 02:00:00,Monday,1,1,0
2016-01-18 03:00:00,Monday,1,1,0
2016-01-18 04:00:00,Monday,0,0,0
2016-01-18 05:00:00,Monday,1,1,0
2016-01-18 06:00:00,Monday,1,0,1
2016-01-18 07:00:00,Monday,4,1,3
2016-01-18 08:00:00,Monday,1,1,0
2016-01-18 09:00:00,Monday,6,1,5
2016-01-18 10:00:00,Monday,5,2,3
2016-01-18 11:00:00,Monday,8,2,6
2016-01-18 12:00:00,Monday,4,0,4
2016-01-18 13:00:00,Monday,3,0,3
2016-01-18 14:00:00,Monday,3,0,3
2016-01-18 15:00:00,Monday,6,3,3
2016-01-18 16:00:00,Monday,5,2,3
2016-01-18 17:00:00,Monday,10,5,5
2016-01-18 18:00:00,Monday,4,1,3
2016-01-18 19:00:00,Monday,10,5,5
2016-01-18 20:00:00,Monday,4,2,2
2016-01-18 21:00:00,Monday,0,0,0
2016-01-18 22:00:00,Monday,1,1,0
2016-01-18 23:00:00,Monday,1,1,0
2016-01-19 00:00:00,Tuesday,2,0,2
2016-01-19 01:00:00,Tuesday,0,0,0
2016-01-19 02:00:00,Tuesday,0,0,0
2016-01-19 03:00:00,Tuesday,0,0,0
2016-01-19 04:00:00,Tuesday,3,0,3
2016-01-19 05:00:00,Tuesday,2,0,2
2016-01-19 06:00:00,Tuesday,16,0,16
2016-01-19 07:00:00,Tuesday,38,2,36
2016-01-19 08:00:00,Tuesday,85,5,80
2016-01-19 09:00:00,Tuesday,71,4,67
2016-01-19 10:00:00,Tuesday,34,3,31
2016-01-19 11:00:00,Tuesday,15,2,13
2016-01-19 12:00:00,Tuesday,13,5,8
2016-01-19 13:00:00,Tuesday,5,3,2
2016-01-19 14:00:00,Tuesday,16,7,9
2016-01-19 15:00:00,Tuesday,15,11,4
2016-01-19 16:00:00,Tuesday,26,20,6
2016-01-19 17:00:00,Tuesday,53,45,8
2016-01-19 18:00:00,Tuesday,49,38,11
2016-01-19 19:00:00,Tuesday,30,24,6
2016-01-19 20:00:00,Tuesday,11,9,2
2016-01-19 21:00:00,Tuesday,7,6,1
2016-01-19 22:00:00,Tuesday,7,3,4
2016-01-19 23:00:00,Tuesday,0,0,0
2016-01-20 00:00:00,Wednesday,1,1,0
2016-01-20 01:00:00,Wednesday,0,0,0
2016-01-20 02:00:00,Wednesday,1,0,1
2016-01-20 03:00:00,Wednesday,1,0,1
2016-01-20 04:00:00,Wednesday,1,0,1
2016-01-20 05:00:00,Wednesday,2,1,1
2016-01-20 06:00:00,Wednesday,23,2,21
2016-01-20 07:00:00,Wednesday,44,1,43
2016-01-20 08:00:00,Wednesday,104,6,98
2016-01-20 09:00:00,Wednesday,102,11,91
2016-01-20 10:00:00,Wednesday,45,7,38
2016-01-20 11:00:00,Wednesday,21,6,15
2016-01-20 12:00:00,Wednesday,13,5,8
2016-01-20 13:00:00,Wednesday,20,4,16
2016-01-20 14:00:00,Wednesday,19,12,7
2016-01-20 15:00:00,Wednesday,16,11,5
2016-01-20 16:00:00,Wednesday,32,21,11
2016-01-20 17:00:00,Wednesday,76,62,14
2016-01-20 18:00:00,Wednesday,84,72,12
2016-01-20 19:00:00,Wednesday,34,28,6
2016-01-20 20:00:00,Wednesday,20,17,3
2016-01-20 21:00:00,Wednesday,15,14,1
2016-01-20 22:00:00,Wednesday,2,2,0
2016-01-20 23:00:00,Wednesday,3,2,1
2016-01-21 00:00:00,Thursday,1,1,0
2016-01-21 01:00:00,Thursday,1,1,0
2016-01-21 02:00:00,Thursday,1,0,1
2016-01-21 03:00:00,Thursday,1,0,1
2016-01-21 04:00:00,Thursday,0,0,0
2016-01-21 05:00:00,Thursday,3,0,3
2016-01-21 06:00:00,Thursday,14,1,13
2016-01-21 07:00:00,Thursday,54,8,46
2016-01-21 08:00:00,Thursday,109,8,101
2016-01-21 09:00:00,Thursday,86,10,76
2016-01-21 10:00:00,Thursday,48,8,40
2016-01-21 11:00:00,Thursday,14,5,9
2016-01-21 12:00:00,Thursday,15,6,9
2016-01-21 13:00:00,Thursday,25,11,14
2016-01-21 14:00:00,Thursday,16,8,8
2016-01-21 15:00:00,Thursday,21,14,7
2016-01-21 16:00:00,Thursday,37,30,7
2016-01-21 17:00:00,Thursday,89,75,14
2016-01-21 18:00:00,Thursday,81,72,9
2016-01-21 19:00:00,Thursday,49,43,6
2016-01-21 20:00:00,Thursday,26,20,6
2016-01-21 21:00:00,Thursday,11,11,0
2016-01-21 22:00:00,Thursday,10,8,2
2016-01-21 23:00:00,Thursday,4,3,1
2016-01-22 00:00:00,Friday,4,3,1
2016-01-22 01:00:00,Friday,1,0,1
2016-01-22 02:00:00,Friday,0,0,0
2016-01-22 03:00:00,Friday,0,0,0
2016-01-22 04:00:00,Friday,0,0,0
2016-01-22 05:00:00,Friday,3,0,3
2016-01-22 06:00:00,Friday,15,1,14
2016-01-22 07:00:00,Friday,40,6,34
2016-01-22 08:00:00,Friday,117,13,104
2016-01-22 09:00:00,Friday,95,8,87
2016-01-22 10:00:00,Friday,39,4,35
2016-01-22 11:00:00,Friday,24,8,16
2016-01-22 12:00:00,Friday,23,15,8
2016-01-22 13:00:00,Friday,15,7,8
2016-01-22 14:00:00,Friday,28,17,11
2016-01-22 15:00:00,Friday,16,9,7
2016-01-22 16:00:00,Friday,45,40,5
2016-01-22 17:00:00,Friday,99,80,19
2016-01-22 18:00:00,Friday,64,54,10
2016-01-22 19:00:00,Friday,55,44,11
2016-01-22 20:00:00,Friday,21,18,3
2016-01-22 21:00:00,Friday,11,11,0
2016-01-22 22:00:00,Friday,11,9,2
2016-01-22 23:00:00,Friday,5,4,1
2016-01-23 00:00:00,Saturday,3,0,3
2016-01-23 01:00:00,Saturday,2,2,0
2016-01-23 02:00:00,Saturday,3,2,1
2016-01-23 03:00:00,Saturday,0,0,0
2016-01-23 04:00:00,Saturday,0,0,0
2016-01-23 05:00:00,Saturday,0,0,0
2016-01-23 06:00:00,Saturday,2,1,1
2016-01-23 07:00:00,Saturday,3,2,1
2016-01-23 08:00:00,Saturday,7,3,4
2016-01-23 09:00:00,Saturday,5,1,4
2016-01-23 10:00:00,Saturday,4,4,0
2016-01-23 11:00:00,Saturday,6,1,5
2016-01-23 12:00:00,Saturday,10,6,4
2016-01-23 13:00:00,Saturday,17,5,12
2016-01-23 14:00:00,Saturday,11,4,7
2016-01-23 15:00:00,Saturday,9,7,2
2016-01-23 16:00:00,Saturday,4,3,1
2016-01-23 17:00:00,Saturday,5,4,1
2016-01-23 18:00:00,Saturday,9,8,1
2016-01-23 19:00:00,Saturday,17,17,0
2016-01-23 20:00:00,Saturday,10,8,2
2016-01-23 21:00:00,Saturday,7,7,0
2016-01-23 22:00:00,Saturday,8,8,0
2016-01-23 23:00:00,Saturday,4,4,0
2016-01-24 00:00:00,Sunday,8,8,0
2016-01-24 01:00:00,Sunday,1,1,0
2016-01-24 02:00:00,Sunday,1,1,0
2016-01-24 03:00:00,Sunday,1,0,1
2016-01-24 04:00:00,Sunday,0,0,0
2016-01-24 05:00:00,Sunday,2,1,1
2016-01-24 06:00:00,Sunday,3,3,0
2016-01-24 07:00:00,Sunday,1,1,0
2016-01-24 08:00:00,Sunday,5,5,0
2016-01-24 09:00:00,Sunday,13,9,4
2016-01-24 10:00:00,Sunday,1,1,0
2016-01-24 11:00:00,Sunday,2,1,1
2016-01-24 12:00:00,Sunday,5,3,2
2016-01-24 13:00:00,Sunday,7,3,4
2016-01-24 14:00:00,Sunday,8,4,4
2016-01-24 15:00:00,Sunday,7,2,5
2016-01-24 16:00:00,Sunday,9,5,4
2016-01-24 17:00:00,Sunday,10,8,2
2016-01-24 18:00:00,Sunday,6,3,3
2016-01-24 19:00:00,Sunday,7,6,1
2016-01-24 20:00:00,Sunday,8,5,3
2016-01-24 21:00:00,Sunday,8,8,0
2016-01-24 22:00:00,Sunday,5,3,2
2016-01-24 23:00:00,Sunday,2,1,1
2016-01-25 00:00:00,Monday,2,1,1
2016-01-25 01:00:00,Monday,0,0,0
2016-01-25 02:00:00,Monday,1,1,0
2016-01-25 03:00:00,Monday,1,0,1
2016-01-25 04:00:00,Monday,0,0,0
2016-01-25 05:00:00,Monday,3,0,3
2016-01-25 06:00:00,Monday,8,2,6
2016-01-25 07:00:00,Monday,33,2,31
2016-01-25 08:00:00,Monday,127,9,118
2016-01-25 09:00:00,Monday,99,9,90
2016-01-25 10:00:00,Monday,29,4,25
2016-01-25 11:00:00,Monday,18,3,15
2016-01-25 12:00:00,Monday,11,5,6
2016-01-25 13:00:00,Monday,20,6,14
2016-01-25 14:00:00,Monday,14,7,7
2016-01-25 15:00:00,Monday,20,11,9
2016-01-25 16:00:00,Monday,38,29,9
2016-01-25 17:00:00,Monday,88,75,13
2016-01-25 18:00:00,Monday,77,65,12
2016-01-25 19:00:00,Monday,44,40,4
2016-01-25 20:00:00,Monday,25,22,3
2016-01-25 21:00:00,Monday,16,14,2
2016-01-25 22:00:00,Monday,9,7,2
2016-01-25 23:00:00,Monday,6,4,2
2016-01-26 00:00:00,Tuesday,3,2,1
2016-01-26 01:00:00,Tuesday,1,1,0
2016-01-26 02:00:00,Tuesday,0,0,0
2016-01-26 03:00:00,Tuesday,0,0,0
2016-01-26 04:00:00,Tuesday,5,0,5
2016-01-26 05:00:00,Tuesday,3,0,3
2016-01-26 06:00:00,Tuesday,22,4,18
2016-01-26 07:00:00,Tuesday,67,3,64
2016-01-26 08:00:00,Tuesday,164,10,154
2016-01-26 09:00:00,Tuesday,100,11,89
2016-01-26 10:00:00,Tuesday,48,10,38
2016-01-26 11:00:00,Tuesday,29,10,19
2016-01-26 12:00:00,Tuesday,24,7,17
2016-01-26 13:00:00,Tuesday,22,8,14
2016-01-26 14:00:00,Tuesday,15,8,7
2016-01-26 15:00:00,Tuesday,34,20,14
2016-01-26 16:00:00,Tuesday,53,39,14
2016-01-26 17:00:00,Tuesday,114,104,10
2016-01-26 18:00:00,Tuesday,107,82,25
2016-01-26 19:00:00,Tuesday,60,57,3
2016-01-26 20:00:00,Tuesday,39,37,2
2016-01-26 21:00:00,Tuesday,20,17,3
2016-01-26 22:00:00,Tuesday,10,10,0
2016-01-26 23:00:00,Tuesday,6,5,1
2016-01-27 00:00:00,Wednesday,7,4,3
2016-01-27 01:00:00,Wednesday,4,4,0
2016-01-27 02:00:00,Wednesday,1,1,0
2016-01-27 03:00:00,Wednesday,1,1,0
2016-01-27 04:00:00,Wednesday,2,1,1
2016-01-27 05:00:00,Wednesday,4,0,4
2016-01-27 06:00:00,Wednesday,22,3,19
2016-01-27 07:00:00,Wednesday,66,4,62
2016-01-27 08:00:00,Wednesday,163,12,151
2016-01-27 09:00:00,Wednesday,131,20,111
2016-01-27 10:00:00,Wednesday,46,13,33
2016-01-27 11:00:00,Wednesday,28,8,20
2016-01-27 12:00:00,Wednesday,30,13,17
2016-01-27 13:00:00,Wednesday,27,19,8
2016-01-27 14:00:00,Wednesday,26,16,10
2016-01-27 15:00:00,Wednesday,22,17,5
2016-01-27 16:00:00,Wednesday,54,38,16
2016-01-27 17:00:00,Wednesday,132,116,16
2016-01-27 18:00:00,Wednesday,131,110,21
2016-01-27 19:00:00,Wednesday,55,45,10
2016-01-27 20:00:00,Wednesday,37,33,4
2016-01-27 21:00:00,Wednesday,21,20,1
2016-01-27 22:00:00,Wednesday,17,13,4
2016-01-27 23:00:00,Wednesday,10,9,1
2016-01-28 00:00:00,Thursday,5,4,1
2016-01-28 01:00:00,Thursday,1,1,0
2016-01-28 02:00:00,Thursday,1,1,0
2016-01-28 03:00:00,Thursday,0,0,0
2016-01-28 04:00:00,Thursday,0,0,0
2016-01-28 05:00:00,Thursday,7,2,5
2016-01-28 06:00:00,Thursday,12,1,11
2016-01-28 07:00:00,Thursday,77,6,71
2016-01-28 08:00:00,Thursday,136,15,121
2016-01-28 09:00:00,Thursday,122,13,109
2016-01-28 10:00:00,Thursday,40,4,36
2016-01-28 11:00:00,Thursday,39,15,24
2016-01-28 12:00:00,Thursday,24,11,13
2016-01-28 13:00:00,Thursday,31,15,16
2016-01-28 14:00:00,Thursday,27,17,10
2016-01-28 15:00:00,Thursday,25,18,7
2016-01-28 16:00:00,Thursday,52,35,17
2016-01-28 17:00:00,Thursday,116,99,17
2016-01-28 18:00:00,Thursday,91,81,10
2016-01-28 19:00:00,Thursday,69,60,9
2016-01-28 20:00:00,Thursday,41,32,9
2016-01-28 21:00:00,Thursday,22,17,5
2016-01-28 22:00:00,Thursday,18,16,2
2016-01-28 23:00:00,Thursday,11,9,2
2016-01-29 00:00:00,Friday,4,4,0
2016-01-29 01:00:00,Friday,4,4,0
2016-01-29 02:00:00,Friday,1,1,0
2016-01-29 03:00:00,Friday,0,0,0
2016-01-29 04:00:00,Friday,0,0,0
2016-01-29 05:00:00,Friday,4,2,2
2016-01-29 06:00:00,Friday,26,4,22
2016-01-29 07:00:00,Friday,50,5,45
2016-01-29 08:00:00,Friday,146,11,135
2016-01-29 09:00:00,Friday,102,15,87
2016-01-29 10:00:00,Friday,37,4,33
2016-01-29 11:00:00,Friday,23,4,19
2016-01-29 12:00:00,Friday,15,6,9
2016-01-29 13:00:00,Friday,23,9,14
2016-01-29 14:00:00,Friday,22,14,8
2016-01-29 15:00:00,Friday,33,24,9
2016-01-29 16:00:00,Friday,66,53,13
2016-01-29 17:00:00,Friday,104,92,12
2016-01-29 18:00:00,Friday,102,82,20
2016-01-29 19:00:00,Friday,48,39,9
2016-01-29 20:00:00,Friday,24,17,7
2016-01-29 21:00:00,Friday,11,10,1
2016-01-29 22:00:00,Friday,9,7,2
2016-01-29 23:00:00,Friday,11,9,2
2016-01-30 00:00:00,Saturday,7,5,2
2016-01-30 01:00:00,Saturday,2,2,0
2016-01-30 02:00:00,Saturday,2,1,1
2016-01-30 03:00:00,Saturday,0,0,0
2016-01-30 04:00:00,Saturday,0,0,0
2016-01-30 05:00:00,Saturday,1,0,1
2016-01-30 06:00:00,Saturday,1,0,1
2016-01-30 07:00:00,Saturday,6,0,6
2016-01-30 08:00:00,Saturday,5,1,4
2016-01-30 09:00:00,Saturday,9,4,5
2016-01-30 10:00:00,Saturday,16,5,11
2016-01-30 11:00:00,Saturday,23,9,14
2016-01-30 12:00:00,Saturday,27,13,14
2016-01-30 13:00:00,Saturday,20,5,15
2016-01-30 14:00:00,Saturday,27,10,17
2016-01-30 15:00:00,Saturday,16,8,8
2016-01-30 16:00:00,Saturday,26,14,12
2016-01-30 17:00:00,Saturday,20,14,6
2016-01-30 18:00:00,Saturday,13,4,9
2016-01-30 19:00:00,Saturday,16,6,10
2016-01-30 20:00:00,Saturday,4,4,0
2016-01-30 21:00:00,Saturday,16,14,2
2016-01-30 22:00:00,Saturday,13,12,1
2016-01-30 23:00:00,Saturday,6,6,0
2016-01-31 00:00:00,Sunday,5,4,1
2016-01-31 01:00:00,Sunday,1,0,1
2016-01-31 02:00:00,Sunday,1,1,0
2016-01-31 03:00:00,Sunday,0,0,0
2016-01-31 04:00:00,Sunday,1,0,1
2016-01-31 05:00:00,Sunday,2,1,1
2016-01-31 06:00:00,Sunday,1,0,1
2016-01-31 07:00:00,Sunday,2,0,2
2016-01-31 08:00:00,Sunday,6,1,5
2016-01-31 09:00:00,Sunday,8,0,8
2016-01-31 10:00:00,Sunday,21,6,15
2016-01-31 11:00:00,Sunday,16,9,7
2016-01-31 12:00:00,Sunday,20,12,8
2016-01-31 13:00:00,Sunday,26,12,14
2016-01-31 14:00:00,Sunday,32,11,21
2016-01-31 15:00:00,Sunday,28,11,17
2016-01-31 16:00:00,Sunday,17,11,6
2016-01-31 17:00:00,Sunday,27,18,9
2016-01-31 18:00:00,Sunday,15,11,4
2016-01-31 19:00:00,Sunday,13,11,2
2016-01-31 20:00:00,Sunday,2,2,0
2016-01-31 21:00:00,Sunday,7,3,4
2016-01-31 22:00:00,Sunday,7,6,1
2016-01-31 23:00:00,Sunday,3,3,0
2016-02-01 00:00:00,Monday,2,1,1
2016-02-01 01:00:00,Monday,1,1,0
2016-02-01 02:00:00,Monday,0,0,0
2016-02-01 03:00:00,Monday,0,0,0
2016-02-01 04:00:00,Monday,0,0,0
2016-02-01 05:00:00,Monday,6,0,6
2016-02-01 06:00:00,Monday,18,0,18
2016-02-01 07:00:00,Monday,82,9,73
2016-02-01 08:00:00,Monday,230,25,205
2016-02-01 09:00:00,Monday,130,22,108
2016-02-01 10:00:00,Monday,61,12,49
2016-02-01 11:00:00,Monday,41,12,29
2016-02-01 12:00:00,Monday,48,12,36
2016-02-01 13:00:00,Monday,42,20,22
2016-02-01 14:00:00,Monday,44,23,21
2016-02-01 15:00:00,Monday,48,31,17
2016-02-01 16:00:00,Monday,82,62,20
2016-02-01 17:00:00,Monday,146,129,17
2016-02-01 18:00:00,Monday,146,126,20
2016-02-01 19:00:00,Monday,92,85,7
2016-02-01 20:00:00,Monday,40,33,7
2016-02-01 21:00:00,Monday,19,13,6
2016-02-01 22:00:00,Monday,22,18,4
2016-02-01 23:00:00,Monday,10,9,1
2016-02-02 00:00:00,Tuesday,4,2,2
2016-02-02 01:00:00,Tuesday,0,0,0
2016-02-02 02:00:00,Tuesday,0,0,0
2016-02-02 03:00:00,Tuesday,0,0,0
2016-02-02 04:00:00,Tuesday,2,0,2
2016-02-02 05:00:00,Tuesday,10,3,7
2016-02-02 06:00:00,Tuesday,30,2,28
2016-02-02 07:00:00,Tuesday,97,12,85
2016-02-02 08:00:00,Tuesday,204,23,181
2016-02-02 09:00:00,Tuesday,130,16,114
2016-02-02 10:00:00,Tuesday,62,18,44
2016-02-02 11:00:00,Tuesday,33,14,19
2016-02-02 12:00:00,Tuesday,39,12,27
2016-02-02 13:00:00,Tuesday,33,15,18
2016-02-02 14:00:00,Tuesday,36,21,15
2016-02-02 15:00:00,Tuesday,40,28,12
2016-02-02 16:00:00,Tuesday,64,49,15
2016-02-02 17:00:00,Tuesday,146,123,23
2016-02-02 18:00:00,Tuesday,148,129,19
2016-02-02 19:00:00,Tuesday,73,60,13
2016-02-02 20:00:00,Tuesday,41,35,6
2016-02-02 21:00:00,Tuesday,26,24,2
2016-02-02 22:00:00,Tuesday,16,14,2
2016-02-02 23:00:00,Tuesday,13,9,4
2016-02-03 00:00:00,Wednesday,7,5,2
2016-02-03 01:00:00,Wednesday,1,0,1
2016-02-03 02:00:00,Wednesday,1,1,0
2016-02-03 03:00:00,Wednesday,0,0,0
2016-02-03 04:00:00,Wednesday,3,1,2
2016-02-03 05:00:00,Wednesday,6,2,4
2016-02-03 06:00:00,Wednesday,25,3,22
2016-02-03 07:00:00,Wednesday,53,5,48
2016-02-03 08:00:00,Wednesday,156,16,140
2016-02-03 09:00:00,Wednesday,112,14,98
2016-02-03 10:00:00,Wednesday,43,12,31
2016-02-03 11:00:00,Wednesday,35,18,17
2016-02-03 12:00:00,Wednesday,29,16,13
2016-02-03 13:00:00,Wednesday,21,13,8
2016-02-03 14:00:00,Wednesday,23,12,11
2016-02-03 15:00:00,Wednesday,19,13,6
2016-02-03 16:00:00,Wednesday,38,33,5
2016-02-03 17:00:00,Wednesday,98,84,14
2016-02-03 18:00:00,Wednesday,65,56,9
2016-02-03 19:00:00,Wednesday,45,37,8
2016-02-03 20:00:00,Wednesday,18,16,2
2016-02-03 21:00:00,Wednesday,14,11,3
2016-02-03 22:00:00,Wednesday,7,4,3
2016-02-03 23:00:00,Wednesday,6,4,2
2016-02-04 00:00:00,Thursday,1,1,0
2016-02-04 01:00:00,Thursday,0,0,0
2016-02-04 02:00:00,Thursday,0,0,0
2016-02-04 03:00:00,Thursday,1,1,0
2016-02-04 04:00:00,Thursday,0,0,0
2016-02-04 05:00:00,Thursday,5,0,5
2016-02-04 06:00:00,Thursday,21,5,16
2016-02-04 07:00:00,Thursday,61,5,56
2016-02-04 08:00:00,Thursday,132,12,120
2016-02-04 09:00:00,Thursday,109,13,96
2016-02-04 10:00:00,Thursday,47,13,34
2016-02-04 11:00:00,Thursday,30,10,20
2016-02-04 12:00:00,Thursday,36,14,22
2016-02-04 13:00:00,Thursday,36,16,20
2016-02-04 14:00:00,Thursday,31,18,13
2016-02-04 15:00:00,Thursday,25,18,7
2016-02-04 16:00:00,Thursday,50,29,21
2016-02-04 17:00:00,Thursday,141,120,21
2016-02-04 18:00:00,Thursday,108,92,16
2016-02-04 19:00:00,Thursday,68,56,12
2016-02-04 20:00:00,Thursday,45,39,6
2016-02-04 21:00:00,Thursday,25,22,3
2016-02-04 22:00:00,Thursday,20,17,3
2016-02-04 23:00:00,Thursday,9,7,2
2016-02-05 00:00:00,Friday,7,7,0
2016-02-05 01:00:00,Friday,0,0,0
2016-02-05 02:00:00,Friday,0,0,0
2016-02-05 03:00:00,Friday,1,1,0
2016-02-05 04:00:00,Friday,0,0,0
2016-02-05 05:00:00,Friday,1,0,1
2016-02-05 06:00:00,Friday,8,0,8
2016-02-05 07:00:00,Friday,17,3,14
2016-02-05 08:00:00,Friday,36,8,28
2016-02-05 09:00:00,Friday,20,5,15
2016-02-05 10:00:00,Friday,9,3,6
2016-02-05 11:00:00,Friday,5,1,4
2016-02-05 12:00:00,Friday,5,1,4
2016-02-05 13:00:00,Friday,6,1,5
2016-02-05 14:00:00,Friday,4,2,2
2016-02-05 15:00:00,Friday,12,5,7
2016-02-05 16:00:00,Friday,20,14,6
2016-02-05 17:00:00,Friday,28,17,11
2016-02-05 18:00:00,Friday,5,5,0
2016-02-05 19:00:00,Friday,13,6,7
2016-02-05 20:00:00,Friday,4,2,2
2016-02-05 21:00:00,Friday,2,2,0
2016-02-05 22:00:00,Friday,4,4,0
2016-02-05 23:00:00,Friday,1,0,1
2016-02-06 00:00:00,Saturday,2,1,1
2016-02-06 01:00:00,Saturday,1,1,0
2016-02-06 02:00:00,Saturday,0,0,0
2016-02-06 03:00:00,Saturday,0,0,0
2016-02-06 04:00:00,Saturday,0,0,0
2016-02-06 05:00:00,Saturday,1,0,1
2016-02-06 06:00:00,Saturday,0,0,0
2016-02-06 07:00:00,Saturday,1,0,1
2016-02-06 08:00:00,Saturday,1,0,1
2016-02-06 09:00:00,Saturday,2,0,2
2016-02-06 10:00:00,Saturday,5,2,3
2016-02-06 11:00:00,Saturday,7,3,4
2016-02-06 12:00:00,Saturday,15,8,7
2016-02-06 13:00:00,Saturday,20,6,14
2016-02-06 14:00:00,Saturday,9,4,5
2016-02-06 15:00:00,Saturday,14,7,7
2016-02-06 16:00:00,Saturday,11,4,7
2016-02-06 17:00:00,Saturday,12,7,5
2016-02-06 18:00:00,Saturday,21,16,5
2016-02-06 19:00:00,Saturday,7,6,1
2016-02-06 20:00:00,Saturday,10,6,4
2016-02-06 21:00:00,Saturday,3,2,1
2016-02-06 22:00:00,Saturday,0,0,0
2016-02-06 23:00:00,Saturday,4,3,1
2016-02-07 00:00:00,Sunday,4,0,4
2016-02-07 01:00:00,Sunday,4,3,1
2016-02-07 02:00:00,Sunday,0,0,0
2016-02-07 03:00:00,Sunday,1,0,1
2016-02-07 04:00:00,Sunday,2,0,2
2016-02-07 05:00:00,Sunday,2,0,2
2016-02-07 06:00:00,Sunday,1,0,1
2016-02-07 07:00:00,Sunday,4,1,3
2016-02-07 08:00:00,Sunday,12,3,9
2016-02-07 09:00:00,Sunday,25,5,20
2016-02-07 10:00:00,Sunday,17,6,11
2016-02-07 11:00:00,Sunday,25,17,8
2016-02-07 12:00:00,Sunday,11,5,6
2016-02-07 13:00:00,Sunday,9,4,5
2016-02-07 14:00:00,Sunday,20,13,7
2016-02-07 15:00:00,Sunday,12,2,10
2016-02-07 16:00:00,Sunday,16,8,8
2016-02-07 17:00:00,Sunday,14,7,7
2016-02-07 18:00:00,Sunday,13,5,8
2016-02-07 19:00:00,Sunday,10,6,4
2016-02-07 20:00:00,Sunday,3,2,1
2016-02-07 21:00:00,Sunday,3,2,1
2016-02-07 22:00:00,Sunday,4,4,0
2016-02-07 23:00:00,Sunday,4,4,0
2016-02-08 00:00:00,Monday,1,1,0
2016-02-08 01:00:00,Monday,1,1,0
2016-02-08 02:00:00,Monday,0,0,0
2016-02-08 03:00:00,Monday,1,0,1
2016-02-08 04:00:00,Monday,1,1,0
2016-02-08 05:00:00,Monday,3,2,1
2016-02-08 06:00:00,Monday,11,3,8
2016-02-08 07:00:00,Monday,23,1,22
2016-02-08 08:00:00,Monday,52,4,48
2016-02-08 09:00:00,Monday,36,8,28
2016-02-08 10:00:00,Monday,17,5,12
2016-02-08 11:00:00,Monday,4,2,2
2016-02-08 12:00:00,Monday,7,3,4
2016-02-08 13:00:00,Monday,8,5,3
2016-02-08 14:00:00,Monday,4,2,2
2016-02-08 15:00:00,Monday,0,0,0
2016-02-08 16:00:00,Monday,8,6,2
2016-02-08 17:00:00,Monday,13,9,4
2016-02-08 18:00:00,Monday,12,8,4
2016-02-08 19:00:00,Monday,4,2,2
2016-02-08 20:00:00,Monday,4,3,1
2016-02-08 21:00:00,Monday,3,2,1
2016-02-08 22:00:00,Monday,1,0,1
2016-02-08 23:00:00,Monday,1,0,1
2016-02-09 00:00:00,Tuesday,1,1,0
2016-02-09 01:00:00,Tuesday,0,0,0
2016-02-09 02:00:00,Tuesday,0,0,0
2016-02-09 03:00:00,Tuesday,0,0,0
2016-02-09 04:00:00,Tuesday,0,0,0
2016-02-09 05:00:00,Tuesday,2,0,2
2016-02-09 06:00:00,Tuesday,5,1,4
2016-02-09 07:00:00,Tuesday,25,0,25
2016-02-09 08:00:00,Tuesday,66,7,59
2016-02-09 09:00:00,Tuesday,51,7,44
2016-02-09 10:00:00,Tuesday,27,8,19
2016-02-09 11:00:00,Tuesday,15,3,12
2016-02-09 12:00:00,Tuesday,21,5,16
2016-02-09 13:00:00,Tuesday,15,4,11
2016-02-09 14:00:00,Tuesday,12,5,7
2016-02-09 15:00:00,Tuesday,26,15,11
2016-02-09 16:00:00,Tuesday,18,10,8
2016-02-09 17:00:00,Tuesday,58,48,10
2016-02-09 18:00:00,Tuesday,51,37,14
2016-02-09 19:00:00,Tuesday,41,37,4
2016-02-09 20:00:00,Tuesday,23,20,3
2016-02-09 21:00:00,Tuesday,9,8,1
2016-02-09 22:00:00,Tuesday,14,12,2
2016-02-09 23:00:00,Tuesday,6,3,3
2016-02-10 00:00:00,Wednesday,7,3,4
2016-02-10 01:00:00,Wednesday,1,0,1
2016-02-10 02:00:00,Wednesday,3,0,3
2016-02-10 03:00:00,Wednesday,0,0,0
2016-02-10 04:00:00,Wednesday,0,0,0
2016-02-10 05:00:00,Wednesday,8,1,7
2016-02-10 06:00:00,Wednesday,16,3,13
2016-02-10 07:00:00,Wednesday,38,2,36
2016-02-10 08:00:00,Wednesday,101,10,91
2016-02-10 09:00:00,Wednesday,79,5,74
2016-02-10 10:00:00,Wednesday,42,8,34
2016-02-10 11:00:00,Wednesday,32,12,20
2016-02-10 12:00:00,Wednesday,22,8,14
2016-02-10 13:00:00,Wednesday,21,8,13
2016-02-10 14:00:00,Wednesday,23,11,12
2016-02-10 15:00:00,Wednesday,24,16,8
2016-02-10 16:00:00,Wednesday,34,24,10
2016-02-10 17:00:00,Wednesday,84,67,17
2016-02-10 18:00:00,Wednesday,66,55,11
2016-02-10 19:00:00,Wednesday,55,46,9
2016-02-10 20:00:00,Wednesday,17,14,3
2016-02-10 21:00:00,Wednesday,12,9,3
2016-02-10 22:00:00,Wednesday,6,6,0
2016-02-10 23:00:00,Wednesday,7,7,0
2016-02-11 00:00:00,Thursday,2,2,0
2016-02-11 01:00:00,Thursday,0,0,0
2016-02-11 02:00:00,Thursday,1,1,0
2016-02-11 03:00:00,Thursday,0,0,0
2016-02-11 04:00:00,Thursday,1,0,1
2016-02-11 05:00:00,Thursday,2,0,2
2016-02-11 06:00:00,Thursday,12,1,11
2016-02-11 07:00:00,Thursday,47,6,41
2016-02-11 08:00:00,Thursday,121,12,109
2016-02-11 09:00:00,Thursday,94,11,83
2016-02-11 10:00:00,Thursday,33,6,27
2016-02-11 11:00:00,Thursday,35,9,26
2016-02-11 12:00:00,Thursday,21,10,11
2016-02-11 13:00:00,Thursday,17,6,11
2016-02-11 14:00:00,Thursday,23,8,15
2016-02-11 15:00:00,Thursday,31,19,12
2016-02-11 16:00:00,Thursday,39,24,15
2016-02-11 17:00:00,Thursday,79,68,11
2016-02-11 18:00:00,Thursday,80,65,15
2016-02-11 19:00:00,Thursday,42,40,2
2016-02-11 20:00:00,Thursday,22,17,5
2016-02-11 21:00:00,Thursday,15,12,3
2016-02-11 22:00:00,Thursday,4,3,1
2016-02-11 23:00:00,Thursday,13,12,1
2016-02-12 00:00:00,Friday,3,2,1
2016-02-12 01:00:00,Friday,1,1,0
2016-02-12 02:00:00,Friday,0,0,0
2016-02-12 03:00:00,Friday,0,0,0
2016-02-12 04:00:00,Friday,0,0,0
2016-02-12 05:00:00,Friday,2,0,2
2016-02-12 06:00:00,Friday,11,0,11
2016-02-12 07:00:00,Friday,28,3,25
2016-02-12 08:00:00,Friday,94,10,84
2016-02-12 09:00:00,Friday,65,9,56
2016-02-12 10:00:00,Friday,29,9,20
2016-02-12 11:00:00,Friday,20,6,14
2016-02-12 12:00:00,Friday,23,9,14
2016-02-12 13:00:00,Friday,16,9,7
2016-02-12 14:00:00,Friday,13,5,8
2016-02-12 15:00:00,Friday,18,8,10
2016-02-12 16:00:00,Friday,39,26,13
2016-02-12 17:00:00,Friday,65,54,11
2016-02-12 18:00:00,Friday,52,42,10
2016-02-12 19:00:00,Friday,34,25,9
2016-02-12 20:00:00,Friday,12,6,6
2016-02-12 21:00:00,Friday,17,15,2
2016-02-12 22:00:00,Friday,1,1,0
2016-02-12 23:00:00,Friday,5,4,1
2016-02-13 00:00:00,Saturday,6,4,2
2016-02-13 01:00:00,Saturday,3,2,1
2016-02-13 02:00:00,Saturday,0,0,0
2016-02-13 03:00:00,Saturday,0,0,0
2016-02-13 04:00:00,Saturday,0,0,0
2016-02-13 05:00:00,Saturday,0,0,0
2016-02-13 06:00:00,Saturday,0,0,0
2016-02-13 07:00:00,Saturday,2,0,2
2016-02-13 08:00:00,Saturday,4,0,4
2016-02-13 09:00:00,Saturday,3,1,2
2016-02-13 10:00:00,Saturday,10,7,3
2016-02-13 11:00:00,Saturday,11,6,5
2016-02-13 12:00:00,Saturday,9,1,8
2016-02-13 13:00:00,Saturday,7,3,4
2016-02-13 14:00:00,Saturday,16,7,9
2016-02-13 15:00:00,Saturday,7,6,1
2016-02-13 16:00:00,Saturday,6,4,2
2016-02-13 17:00:00,Saturday,9,2,7
2016-02-13 18:00:00,Saturday,3,1,2
2016-02-13 19:00:00,Saturday,4,2,2
2016-02-13 20:00:00,Saturday,1,1,0
2016-02-13 21:00:00,Saturday,2,1,1
2016-02-13 22:00:00,Saturday,3,2,1
2016-02-13 23:00:00,Saturday,4,3,1
2016-02-14 00:00:00,Sunday,1,1,0
2016-02-14 01:00:00,Sunday,0,0,0
2016-02-14 02:00:00,Sunday,0,0,0
2016-02-14 03:00:00,Sunday,0,0,0
2016-02-14 04:00:00,Sunday,0,0,0
2016-02-14 05:00:00,Sunday,0,0,0
2016-02-14 06:00:00,Sunday,0,0,0
2016-02-14 07:00:00,Sunday,2,0,2
2016-02-14 08:00:00,Sunday,0,0,0
2016-02-14 09:00:00,Sunday,2,0,2
2016-02-14 10:00:00,Sunday,4,1,3
2016-02-14 11:00:00,Sunday,4,0,4
2016-02-14 12:00:00,Sunday,5,3,2
2016-02-14 13:00:00,Sunday,5,3,2
2016-02-14 14:00:00,Sunday,4,2,2
2016-02-14 15:00:00,Sunday,7,3,4
2016-02-14 16:00:00,Sunday,4,1,3
2016-02-14 17:00:00,Sunday,3,2,1
2016-02-14 18:00:00,Sunday,6,4,2
2016-02-14 19:00:00,Sunday,3,3,0
2016-02-14 20:00:00,Sunday,0,0,0
2016-02-14 21:00:00,Sunday,2,2,0
2016-02-14 22:00:00,Sunday,0,0,0
2016-02-14 23:00:00,Sunday,1,1,0
2016-02-15 00:00:00,Monday,0,0,0
2016-02-15 01:00:00,Monday,0,0,0
2016-02-15 02:00:00,Monday,0,0,0
2016-02-15 03:00:00,Monday,0,0,0
2016-02-15 04:00:00,Monday,0,0,0
2016-02-15 05:00:00,Monday,1,0,1
2016-02-15 06:00:00,Monday,0,0,0
2016-02-15 07:00:00,Monday,8,0,8
2016-02-15 08:00:00,Monday,20,4,16
2016-02-15 09:00:00,Monday,23,5,18
2016-02-15 10:00:00,Monday,12,3,9
2016-02-15 11:00:00,Monday,12,1,11
2016-02-15 12:00:00,Monday,10,5,5
2016-02-15 13:00:00,Monday,11,5,6
2016-02-15 14:00:00,Monday,15,8,7
2016-02-15 15:00:00,Monday,10,8,2
2016-02-15 16:00:00,Monday,9,4,5
2016-02-15 17:00:00,Monday,14,13,1
2016-02-15 18:00:00,Monday,14,13,1
2016-02-15 19:00:00,Monday,12,10,2
2016-02-15 20:00:00,Monday,4,4,0
2016-02-15 21:00:00,Monday,5,5,0
2016-02-15 22:00:00,Monday,4,2,2
2016-02-15 23:00:00,Monday,2,2,0
2016-02-16 00:00:00,Tuesday,2,2,0
2016-02-16 01:00:00,Tuesday,0,0,0
2016-02-16 02:00:00,Tuesday,0,0,0
2016-02-16 03:00:00,Tuesday,0,0,0
2016-02-16 04:00:00,Tuesday,1,0,1
2016-02-16 05:00:00,Tuesday,4,3,1
2016-02-16 06:00:00,Tuesday,8,1,7
2016-02-16 07:00:00,Tuesday,16,3,13
2016-02-16 08:00:00,Tuesday,68,5,63
2016-02-16 09:00:00,Tuesday,53,4,49
2016-02-16 10:00:00,Tuesday,25,7,18
2016-02-16 11:00:00,Tuesday,16,5,11
2016-02-16 12:00:00,Tuesday,19,9,10
2016-02-16 13:00:00,Tuesday,13,8,5
2016-02-16 14:00:00,Tuesday,12,4,8
2016-02-16 15:00:00,Tuesday,15,9,6
2016-02-16 16:00:00,Tuesday,22,17,5
2016-02-16 17:00:00,Tuesday,45,33,12
2016-02-16 18:00:00,Tuesday,37,35,2
2016-02-16 19:00:00,Tuesday,32,27,5
2016-02-16 20:00:00,Tuesday,11,10,1
2016-02-16 21:00:00,Tuesday,16,15,1
2016-02-16 22:00:00,Tuesday,7,6,1
2016-02-16 23:00:00,Tuesday,6,5,1
2016-02-17 00:00:00,Wednesday,0,0,0
2016-02-17 01:00:00,Wednesday,2,1,1
2016-02-17 02:00:00,Wednesday,0,0,0
2016-02-17 03:00:00,Wednesday,0,0,0
2016-02-17 04:00:00,Wednesday,1,0,1
2016-02-17 05:00:00,Wednesday,0,0,0
2016-02-17 06:00:00,Wednesday,25,3,22
2016-02-17 07:00:00,Wednesday,54,0,54
2016-02-17 08:00:00,Wednesday,145,18,127
2016-02-17 09:00:00,Wednesday,108,9,99
2016-02-17 10:00:00,Wednesday,51,8,43
2016-02-17 11:00:00,Wednesday,37,9,28
2016-02-17 12:00:00,Wednesday,43,22,21
2016-02-17 13:00:00,Wednesday,24,9,15
2016-02-17 14:00:00,Wednesday,32,13,19
2016-02-17 15:00:00,Wednesday,23,13,10
2016-02-17 16:00:00,Wednesday,50,41,9
2016-02-17 17:00:00,Wednesday,111,99,12
2016-02-17 18:00:00,Wednesday,94,77,17
2016-02-17 19:00:00,Wednesday,72,55,17
2016-02-17 20:00:00,Wednesday,27,22,5
2016-02-17 21:00:00,Wednesday,24,19,5
2016-02-17 22:00:00,Wednesday,18,15,3
2016-02-17 23:00:00,Wednesday,10,8,2
2016-02-18 00:00:00,Thursday,7,7,0
2016-02-18 01:00:00,Thursday,1,1,0
2016-02-18 02:00:00,Thursday,3,2,1
2016-02-18 03:00:00,Thursday,0,0,0
2016-02-18 04:00:00,Thursday,0,0,0
2016-02-18 05:00:00,Thursday,6,1,5
2016-02-18 06:00:00,Thursday,29,2,27
2016-02-18 07:00:00,Thursday,60,4,56
2016-02-18 08:00:00,Thursday,145,13,132
2016-02-18 09:00:00,Thursday,115,16,99
2016-02-18 10:00:00,Thursday,47,13,34
2016-02-18 11:00:00,Thursday,42,13,29
2016-02-18 12:00:00,Thursday,28,10,18
2016-02-18 13:00:00,Thursday,20,10,10
2016-02-18 14:00:00,Thursday,24,10,14
2016-02-18 15:00:00,Thursday,33,23,10
2016-02-18 16:00:00,Thursday,42,33,9
2016-02-18 17:00:00,Thursday,103,82,21
2016-02-18 18:00:00,Thursday,92,71,21
2016-02-18 19:00:00,Thursday,65,52,13
2016-02-18 20:00:00,Thursday,33,24,9
2016-02-18 21:00:00,Thursday,18,17,1
2016-02-18 22:00:00,Thursday,9,7,2
2016-02-18 23:00:00,Thursday,9,7,2
2016-02-19 00:00:00,Friday,3,3,0
2016-02-19 01:00:00,Friday,2,2,0
2016-02-19 02:00:00,Friday,1,0,1
2016-02-19 03:00:00,Friday,0,0,0
2016-02-19 04:00:00,Friday,0,0,0
2016-02-19 05:00:00,Friday,3,2,1
2016-02-19 06:00:00,Friday,23,2,21
2016-02-19 07:00:00,Friday,48,9,39
2016-02-19 08:00:00,Friday,139,12,127
2016-02-19 09:00:00,Friday,79,10,69
2016-02-19 10:00:00,Friday,50,12,38
2016-02-19 11:00:00,Friday,29,5,24
2016-02-19 12:00:00,Friday,32,8,24
2016-02-19 13:00:00,Friday,26,10,16
2016-02-19 14:00:00,Friday,32,19,13
2016-02-19 15:00:00,Friday,30,16,14
2016-02-19 16:00:00,Friday,56,40,16
2016-02-19 17:00:00,Friday,97,85,12
2016-02-19 18:00:00,Friday,94,77,17
2016-02-19 19:00:00,Friday,36,23,13
2016-02-19 20:00:00,Friday,22,21,1
2016-02-19 21:00:00,Friday,14,13,1
2016-02-19 22:00:00,Friday,13,11,2
2016-02-19 23:00:00,Friday,12,11,1
2016-02-20 00:00:00,Saturday,4,3,1
2016-02-20 01:00:00,Saturday,4,4,0
2016-02-20 02:00:00,Saturday,1,0,1
2016-02-20 03:00:00,Saturday,0,0,0
2016-02-20 04:00:00,Saturday,0,0,0
2016-02-20 05:00:00,Saturday,2,0,2
2016-02-20 06:00:00,Saturday,2,1,1
2016-02-20 07:00:00,Saturday,4,1,3
2016-02-20 08:00:00,Saturday,9,1,8
2016-02-20 09:00:00,Saturday,8,2,6
2016-02-20 10:00:00,Saturday,18,3,15
2016-02-20 11:00:00,Saturday,19,5,14
2016-02-20 12:00:00,Saturday,30,15,15
2016-02-20 13:00:00,Saturday,29,13,16
2016-02-20 14:00:00,Saturday,45,21,24
2016-02-20 15:00:00,Saturday,40,23,17
2016-02-20 16:00:00,Saturday,33,16,17
2016-02-20 17:00:00,Saturday,17,7,10
2016-02-20 18:00:00,Saturday,22,18,4
2016-02-20 19:00:00,Saturday,24,17,7
2016-02-20 20:00:00,Saturday,8,7,1
2016-02-20 21:00:00,Saturday,7,4,3
2016-02-20 22:00:00,Saturday,11,8,3
2016-02-20 23:00:00,Saturday,9,8,1
2016-02-21 00:00:00,Sunday,4,3,1
2016-02-21 01:00:00,Sunday,5,4,1
2016-02-21 02:00:00,Sunday,4,3,1
2016-02-21 03:00:00,Sunday,1,1,0
2016-02-21 04:00:00,Sunday,1,0,1
2016-02-21 05:00:00,Sunday,3,1,2
2016-02-21 06:00:00,Sunday,0,0,0
2016-02-21 07:00:00,Sunday,5,1,4
2016-02-21 08:00:00,Sunday,5,1,4
2016-02-21 09:00:00,Sunday,13,1,12
2016-02-21 10:00:00,Sunday,29,8,21
2016-02-21 11:00:00,Sunday,27,7,20
2016-02-21 12:00:00,Sunday,18,5,13
2016-02-21 13:00:00,Sunday,32,9,23
2016-02-21 14:00:00,Sunday,27,12,15
2016-02-21 15:00:00,Sunday,33,11,22
2016-02-21 16:00:00,Sunday,23,12,11
2016-02-21 17:00:00,Sunday,18,13,5
2016-02-21 18:00:00,Sunday,14,11,3
2016-02-21 19:00:00,Sunday,20,13,7
2016-02-21 20:00:00,Sunday,14,9,5
2016-02-21 21:00:00,Sunday,6,5,1
2016-02-21 22:00:00,Sunday,6,6,0
2016-02-21 23:00:00,Sunday,6,3,3
2016-02-22 00:00:00,Monday,1,1,0
2016-02-22 01:00:00,Monday,1,1,0
2016-02-22 02:00:00,Monday,0,0,0
2016-02-22 03:00:00,Monday,0,0,0
2016-02-22 04:00:00,Monday,0,0,0
2016-02-22 05:00:00,Monday,5,0,5
2016-02-22 06:00:00,Monday,19,0,19
2016-02-22 07:00:00,Monday,103,6,97
2016-02-22 08:00:00,Monday,185,20,165
2016-02-22 09:00:00,Monday,109,11,98
2016-02-22 10:00:00,Monday,55,7,48
2016-02-22 11:00:00,Monday,29,13,16
2016-02-22 12:00:00,Monday,33,13,20
2016-02-22 13:00:00,Monday,32,17,15
2016-02-22 14:00:00,Monday,31,21,10
2016-02-22 15:00:00,Monday,32,20,12
2016-02-22 16:00:00,Monday,45,39,6
2016-02-22 17:00:00,Monday,151,119,32
2016-02-22 18:00:00,Monday,130,110,20
2016-02-22 19:00:00,Monday,76,63,13
2016-02-22 20:00:00,Monday,36,31,5
2016-02-22 21:00:00,Monday,40,34,6
2016-02-22 22:00:00,Monday,14,13,1
2016-02-22 23:00:00,Monday,6,5,1
2016-02-23 00:00:00,Tuesday,1,0,1
2016-02-23 01:00:00,Tuesday,1,1,0
2016-02-23 02:00:00,Tuesday,2,1,1
2016-02-23 03:00:00,Tuesday,0,0,0
2016-02-23 04:00:00,Tuesday,0,0,0
2016-02-23 05:00:00,Tuesday,6,2,4
2016-02-23 06:00:00,Tuesday,22,1,21
2016-02-23 07:00:00,Tuesday,72,8,64
2016-02-23 08:00:00,Tuesday,176,20,156
2016-02-23 09:00:00,Tuesday,118,15,103
2016-02-23 10:00:00,Tuesday,47,10,37
2016-02-23 11:00:00,Tuesday,45,8,37
2016-02-23 12:00:00,Tuesday,35,13,22
2016-02-23 13:00:00,Tuesday,31,14,17
2016-02-23 14:00:00,Tuesday,34,16,18
2016-02-23 15:00:00,Tuesday,25,18,7
2016-02-23 16:00:00,Tuesday,55,43,12
2016-02-23 17:00:00,Tuesday,148,125,23
2016-02-23 18:00:00,Tuesday,108,88,20
2016-02-23 19:00:00,Tuesday,60,43,17
2016-02-23 20:00:00,Tuesday,33,32,1
2016-02-23 21:00:00,Tuesday,20,17,3
2016-02-23 22:00:00,Tuesday,8,7,1
2016-02-23 23:00:00,Tuesday,9,9,0
2016-02-24 00:00:00,Wednesday,4,4,0
2016-02-24 01:00:00,Wednesday,0,0,0
2016-02-24 02:00:00,Wednesday,0,0,0
2016-02-24 03:00:00,Wednesday,0,0,0
2016-02-24 04:00:00,Wednesday,1,1,0
2016-02-24 05:00:00,Wednesday,2,0,2
2016-02-24 06:00:00,Wednesday,12,0,12
2016-02-24 07:00:00,Wednesday,29,3,26
2016-02-24 08:00:00,Wednesday,100,11,89
2016-02-24 09:00:00,Wednesday,81,13,68
2016-02-24 10:00:00,Wednesday,37,6,31
2016-02-24 11:00:00,Wednesday,19,5,14
2016-02-24 12:00:00,Wednesday,18,8,10
2016-02-24 13:00:00,Wednesday,23,12,11
2016-02-24 14:00:00,Wednesday,15,10,5
2016-02-24 15:00:00,Wednesday,25,21,4
2016-02-24 16:00:00,Wednesday,29,24,5
2016-02-24 17:00:00,Wednesday,72,58,14
2016-02-24 18:00:00,Wednesday,56,50,6
2016-02-24 19:00:00,Wednesday,38,31,7
2016-02-24 20:00:00,Wednesday,16,15,1
2016-02-24 21:00:00,Wednesday,14,13,1
2016-02-24 22:00:00,Wednesday,12,7,5
2016-02-24 23:00:00,Wednesday,6,6,0
2016-02-25 00:00:00,Thursday,3,2,1
2016-02-25 01:00:00,Thursday,1,1,0
2016-02-25 02:00:00,Thursday,1,1,0
2016-02-25 03:00:00,Thursday,1,1,0
2016-02-25 04:00:00,Thursday,0,0,0
2016-02-25 05:00:00,Thursday,5,2,3
2016-02-25 06:00:00,Thursday,12,1,11
2016-02-25 07:00:00,Thursday,50,5,45
2016-02-25 08:00:00,Thursday,123,16,107
2016-02-25 09:00:00,Thursday,113,14,99
2016-02-25 10:00:00,Thursday,56,8,48
2016-02-25 11:00:00,Thursday,32,9,23
2016-02-25 12:00:00,Thursday,33,10,23
2016-02-25 13:00:00,Thursday,30,10,20
2016-02-25 14:00:00,Thursday,36,16,20
2016-02-25 15:00:00,Thursday,34,18,16
2016-02-25 16:00:00,Thursday,54,40,14
2016-02-25 17:00:00,Thursday,108,78,30
2016-02-25 18:00:00,Thursday,98,79,19
2016-02-25 19:00:00,Thursday,58,50,8
2016-02-25 20:00:00,Thursday,36,31,5
2016-02-25 21:00:00,Thursday,16,14,2
2016-02-25 22:00:00,Thursday,8,8,0
2016-02-25 23:00:00,Thursday,10,8,2
2016-02-26 00:00:00,Friday,3,2,1
2016-02-26 01:00:00,Friday,1,1,0
2016-02-26 02:00:00,Friday,1,0,1
2016-02-26 03:00:00,Friday,1,0,1
2016-02-26 04:00:00,Friday,0,0,0
2016-02-26 05:00:00,Friday,6,2,4
2016-02-26 06:00:00,Friday,20,0,20
2016-02-26 07:00:00,Friday,67,8,59
2016-02-26 08:00:00,Friday,137,14,123
2016-02-26 09:00:00,Friday,106,13,93
2016-02-26 10:00:00,Friday,35,8,27
2016-02-26 11:00:00,Friday,22,4,18
2016-02-26 12:00:00,Friday,39,18,21
2016-02-26 13:00:00,Friday,23,10,13
2016-02-26 14:00:00,Friday,29,18,11
2016-02-26 15:00:00,Friday,29,17,12
2016-02-26 16:00:00,Friday,61,46,15
2016-02-26 17:00:00,Friday,121,104,17
2016-02-26 18:00:00,Friday,80,67,13
2016-02-26 19:00:00,Friday,46,38,8
2016-02-26 20:00:00,Friday,27,21,6
2016-02-26 21:00:00,Friday,21,16,5
2016-02-26 22:00:00,Friday,15,10,5
2016-02-26 23:00:00,Friday,10,8,2
2016-02-27 00:00:00,Saturday,4,2,2
2016-02-27 01:00:00,Saturday,6,2,4
2016-02-27 02:00:00,Saturday,2,2,0
2016-02-27 03:00:00,Saturday,0,0,0
2016-02-27 04:00:00,Saturday,0,0,0
2016-02-27 05:00:00,Saturday,1,0,1
2016-02-27 06:00:00,Saturday,4,1,3
2016-02-27 07:00:00,Saturday,3,1,2
2016-02-27 08:00:00,Saturday,6,0,6
2016-02-27 09:00:00,Saturday,15,1,14
2016-02-27 10:00:00,Saturday,16,4,12
2016-02-27 11:00:00,Saturday,23,10,13
2016-02-27 12:00:00,Saturday,16,8,8
2016-02-27 13:00:00,Saturday,31,11,20
2016-02-27 14:00:00,Saturday,19,4,15
2016-02-27 15:00:00,Saturday,32,14,18
2016-02-27 16:00:00,Saturday,15,6,9
2016-02-27 17:00:00,Saturday,16,9,7
2016-02-27 18:00:00,Saturday,21,8,13
2016-02-27 19:00:00,Saturday,13,6,7
2016-02-27 20:00:00,Saturday,13,9,4
2016-02-27 21:00:00,Saturday,7,5,2
2016-02-27 22:00:00,Saturday,9,7,2
2016-02-27 23:00:00,Saturday,7,7,0
2016-02-28 00:00:00,Sunday,3,3,0
2016-02-28 01:00:00,Sunday,3,2,1
2016-02-28 02:00:00,Sunday,3,3,0
2016-02-28 03:00:00,Sunday,1,1,0
2016-02-28 04:00:00,Sunday,1,0,1
2016-02-28 05:00:00,Sunday,1,0,1
2016-02-28 06:00:00,Sunday,2,0,2
2016-02-28 07:00:00,Sunday,2,0,2
2016-02-28 08:00:00,Sunday,5,1,4
2016-02-28 09:00:00,Sunday,21,3,18
2016-02-28 10:00:00,Sunday,24,5,19
2016-02-28 11:00:00,Sunday,23,7,16
2016-02-28 12:00:00,Sunday,31,10,21
2016-02-28 13:00:00,Sunday,33,12,21
2016-02-28 14:00:00,Sunday,40,13,27
2016-02-28 15:00:00,Sunday,39,23,16
2016-02-28 16:00:00,Sunday,33,25,8
2016-02-28 17:00:00,Sunday,36,23,13
2016-02-28 18:00:00,Sunday,11,7,4
2016-02-28 19:00:00,Sunday,14,8,6
2016-02-28 20:00:00,Sunday,11,6,5
2016-02-28 21:00:00,Sunday,7,5,2
2016-02-28 22:00:00,Sunday,7,5,2
2016-02-28 23:00:00,Sunday,2,2,0
2016-02-29 00:00:00,Monday,4,3,1
2016-02-29 01:00:00,Monday,0,0,0
2016-02-29 02:00:00,Monday,0,0,0
2016-02-29 03:00:00,Monday,1,1,0
2016-02-29 04:00:00,Monday,1,0,1
2016-02-29 05:00:00,Monday,8,2,6
2016-02-29 06:00:00,Monday,33,8,25
2016-02-29 07:00:00,Monday,87,11,76
2016-02-29 08:00:00,Monday,215,21,194
2016-02-29 09:00:00,Monday,130,22,108
2016-02-29 10:00:00,Monday,64,11,53
2016-02-29 11:00:00,Monday,32,8,24
2016-02-29 12:00:00,Monday,41,21,20
2016-02-29 13:00:00,Monday,33,10,23
2016-02-29 14:00:00,Monday,31,17,14
2016-02-29 15:00:00,Monday,47,28,19
2016-02-29 16:00:00,Monday,54,41,13
2016-02-29 17:00:00,Monday,177,152,25
2016-02-29 18:00:00,Monday,142,123,19
2016-02-29 19:00:00,Monday,96,77,19
2016-02-29 20:00:00,Monday,29,27,2
2016-02-29 21:00:00,Monday,32,24,8
2016-02-29 22:00:00,Monday,20,18,2
2016-02-29 23:00:00,Monday,12,11,1
2016-03-01 00:00:00,Tuesday,3,1,2
2016-03-01 01:00:00,Tuesday,1,0,1
2016-03-01 02:00:00,Tuesday,0,0,0
2016-03-01 03:00:00,Tuesday,1,1,0
2016-03-01 04:00:00,Tuesday,2,1,1
2016-03-01 05:00:00,Tuesday,7,0,7
2016-03-01 06:00:00,Tuesday,27,2,25
2016-03-01 07:00:00,Tuesday,84,8,76
2016-03-01 08:00:00,Tuesday,202,17,185
2016-03-01 09:00:00,Tuesday,163,21,142
2016-03-01 10:00:00,Tuesday,49,17,32
2016-03-01 11:00:00,Tuesday,36,18,18
2016-03-01 12:00:00,Tuesday,38,17,21
2016-03-01 13:00:00,Tuesday,29,13,16
2016-03-01 14:00:00,Tuesday,42,25,17
2016-03-01 15:00:00,Tuesday,51,26,25
2016-03-01 16:00:00,Tuesday,62,52,10
2016-03-01 17:00:00,Tuesday,142,123,19
2016-03-01 18:00:00,Tuesday,151,127,24
2016-03-01 19:00:00,Tuesday,87,60,27
2016-03-01 20:00:00,Tuesday,38,28,10
2016-03-01 21:00:00,Tuesday,26,22,4
2016-03-01 22:00:00,Tuesday,19,17,2
2016-03-01 23:00:00,Tuesday,14,12,2
2016-03-02 00:00:00,Wednesday,9,8,1
2016-03-02 01:00:00,Wednesday,1,1,0
2016-03-02 02:00:00,Wednesday,0,0,0
2016-03-02 03:00:00,Wednesday,0,0,0
2016-03-02 04:00:00,Wednesday,1,1,0
2016-03-02 05:00:00,Wednesday,6,1,5
2016-03-02 06:00:00,Wednesday,13,1,12
2016-03-02 07:00:00,Wednesday,47,8,39
2016-03-02 08:00:00,Wednesday,92,10,82
2016-03-02 09:00:00,Wednesday,67,10,57
2016-03-02 10:00:00,Wednesday,46,6,40
2016-03-02 11:00:00,Wednesday,29,9,20
2016-03-02 12:00:00,Wednesday,30,11,19
2016-03-02 13:00:00,Wednesday,22,11,11
2016-03-02 14:00:00,Wednesday,16,11,5
2016-03-02 15:00:00,Wednesday,18,13,5
2016-03-02 16:00:00,Wednesday,40,29,11
2016-03-02 17:00:00,Wednesday,92,79,13
2016-03-02 18:00:00,Wednesday,68,57,11
2016-03-02 19:00:00,Wednesday,42,34,8
2016-03-02 20:00:00,Wednesday,25,24,1
2016-03-02 21:00:00,Wednesday,12,10,2
2016-03-02 22:00:00,Wednesday,5,4,1
2016-03-02 23:00:00,Wednesday,9,8,1
2016-03-03 00:00:00,Thursday,7,5,2
2016-03-03 01:00:00,Thursday,2,0,2
2016-03-03 02:00:00,Thursday,0,0,0
2016-03-03 03:00:00,Thursday,0,0,0
2016-03-03 04:00:00,Thursday,1,0,1
2016-03-03 05:00:00,Thursday,6,0,6
2016-03-03 06:00:00,Thursday,24,3,21
2016-03-03 07:00:00,Thursday,58,6,52
2016-03-03 08:00:00,Thursday,154,20,134
2016-03-03 09:00:00,Thursday,118,13,105
2016-03-03 10:00:00,Thursday,45,9,36
2016-03-03 11:00:00,Thursday,32,12,20
2016-03-03 12:00:00,Thursday,26,11,15
2016-03-03 13:00:00,Thursday,27,12,15
2016-03-03 14:00:00,Thursday,33,12,21
2016-03-03 15:00:00,Thursday,22,13,9
2016-03-03 16:00:00,Thursday,64,47,17
2016-03-03 17:00:00,Thursday,113,95,18
2016-03-03 18:00:00,Thursday,102,83,19
2016-03-03 19:00:00,Thursday,60,52,8
2016-03-03 20:00:00,Thursday,37,34,3
2016-03-03 21:00:00,Thursday,18,16,2
2016-03-03 22:00:00,Thursday,16,11,5
2016-03-03 23:00:00,Thursday,8,6,2
2016-03-04 00:00:00,Friday,3,3,0
2016-03-04 01:00:00,Friday,0,0,0
2016-03-04 02:00:00,Friday,0,0,0
2016-03-04 03:00:00,Friday,0,0,0
2016-03-04 04:00:00,Friday,1,1,0
2016-03-04 05:00:00,Friday,3,0,3
2016-03-04 06:00:00,Friday,22,2,20
2016-03-04 07:00:00,Friday,47,8,39
2016-03-04 08:00:00,Friday,117,9,108
2016-03-04 09:00:00,Friday,97,9,88
2016-03-04 10:00:00,Friday,42,5,37
2016-03-04 11:00:00,Friday,32,10,22
2016-03-04 12:00:00,Friday,23,8,15
2016-03-04 13:00:00,Friday,36,17,19
2016-03-04 14:00:00,Friday,28,16,12
2016-03-04 15:00:00,Friday,33,20,13
2016-03-04 16:00:00,Friday,59,44,15
2016-03-04 17:00:00,Friday,91,76,15
2016-03-04 18:00:00,Friday,75,62,13
2016-03-04 19:00:00,Friday,22,16,6
2016-03-04 20:00:00,Friday,26,18,8
2016-03-04 21:00:00,Friday,12,11,1
2016-03-04 22:00:00,Friday,8,6,2
2016-03-04 23:00:00,Friday,2,2,0
2016-03-05 00:00:00,Saturday,4,3,1
2016-03-05 01:00:00,Saturday,2,2,0
2016-03-05 02:00:00,Saturday,0,0,0
2016-03-05 03:00:00,Saturday,1,1,0
2016-03-05 04:00:00,Saturday,0,0,0
2016-03-05 05:00:00,Saturday,2,2,0
2016-03-05 06:00:00,Saturday,2,2,0
2016-03-05 07:00:00,Saturday,2,1,1
2016-03-05 08:00:00,Saturday,10,1,9
2016-03-05 09:00:00,Saturday,11,3,8
2016-03-05 10:00:00,Saturday,14,4,10
2016-03-05 11:00:00,Saturday,21,8,13
2016-03-05 12:00:00,Saturday,18,10,8
2016-03-05 13:00:00,Saturday,17,6,11
2016-03-05 14:00:00,Saturday,19,8,11
2016-03-05 15:00:00,Saturday,16,9,7
2016-03-05 16:00:00,Saturday,26,15,11
2016-03-05 17:00:00,Saturday,13,8,5
2016-03-05 18:00:00,Saturday,14,4,10
2016-03-05 19:00:00,Saturday,24,12,12
2016-03-05 20:00:00,Saturday,8,6,2
2016-03-05 21:00:00,Saturday,6,5,1
2016-03-05 22:00:00,Saturday,7,4,3
2016-03-05 23:00:00,Saturday,6,6,0
2016-03-06 00:00:00,Sunday,3,2,1
2016-03-06 01:00:00,Sunday,5,4,1
2016-03-06 02:00:00,Sunday,2,2,0
2016-03-06 03:00:00,Sunday,1,1,0
2016-03-06 04:00:00,Sunday,1,1,0
2016-03-06 05:00:00,Sunday,0,0,0
2016-03-06 06:00:00,Sunday,3,1,2
2016-03-06 07:00:00,Sunday,4,1,3
2016-03-06 08:00:00,Sunday,8,2,6
2016-03-06 09:00:00,Sunday,14,3,11
2016-03-06 10:00:00,Sunday,14,7,7
2016-03-06 11:00:00,Sunday,18,6,12
2016-03-06 12:00:00,Sunday,19,3,16
2016-03-06 13:00:00,Sunday,35,15,20
2016-03-06 14:00:00,Sunday,25,13,12
2016-03-06 15:00:00,Sunday,28,17,11
2016-03-06 16:00:00,Sunday,26,13,13
2016-03-06 17:00:00,Sunday,21,13,8
2016-03-06 18:00:00,Sunday,22,13,9
2016-03-06 19:00:00,Sunday,7,5,2
2016-03-06 20:00:00,Sunday,7,6,1
2016-03-06 21:00:00,Sunday,4,3,1
2016-03-06 22:00:00,Sunday,6,5,1
2016-03-06 23:00:00,Sunday,5,3,2
2016-03-07 00:00:00,Monday,2,2,0
2016-03-07 01:00:00,Monday,0,0,0
2016-03-07 02:00:00,Monday,0,0,0
2016-03-07 03:00:00,Monday,1,0,1
2016-03-07 04:00:00,Monday,2,1,1
2016-03-07 05:00:00,Monday,5,0,5
2016-03-07 06:00:00,Monday,29,1,28
2016-03-07 07:00:00,Monday,99,9,90
2016-03-07 08:00:00,Monday,210,20,190
2016-03-07 09:00:00,Monday,131,12,119
2016-03-07 10:00:00,Monday,64,14,50
2016-03-07 11:00:00,Monday,39,13,26
2016-03-07 12:00:00,Monday,31,13,18
2016-03-07 13:00:00,Monday,31,19,12
2016-03-07 14:00:00,Monday,34,20,14
2016-03-07 15:00:00,Monday,34,25,9
2016-03-07 16:00:00,Monday,56,45,11
2016-03-07 17:00:00,Monday,178,152,26
2016-03-07 18:00:00,Monday,132,112,20
2016-03-07 19:00:00,Monday,85,76,9
2016-03-07 20:00:00,Monday,41,34,7
2016-03-07 21:00:00,Monday,23,19,4
2016-03-07 22:00:00,Monday,13,11,2
2016-03-07 23:00:00,Monday,15,13,2
2016-03-08 00:00:00,Tuesday,8,5,3
2016-03-08 01:00:00,Tuesday,3,3,0
2016-03-08 02:00:00,Tuesday,2,1,1
2016-03-08 03:00:00,Tuesday,0,0,0
2016-03-08 04:00:00,Tuesday,3,1,2
2016-03-08 05:00:00,Tuesday,6,1,5
2016-03-08 06:00:00,Tuesday,28,3,25
2016-03-08 07:00:00,Tuesday,108,10,98
2016-03-08 08:00:00,Tuesday,247,27,220
2016-03-08 09:00:00,Tuesday,165,25,140
2016-03-08 10:00:00,Tuesday,59,12,47
2016-03-08 11:00:00,Tuesday,38,11,27
2016-03-08 12:00:00,Tuesday,28,9,19
2016-03-08 13:00:00,Tuesday,35,20,15
2016-03-08 14:00:00,Tuesday,26,10,16
2016-03-08 15:00:00,Tuesday,42,26,16
2016-03-08 16:00:00,Tuesday,70,51,19
2016-03-08 17:00:00,Tuesday,166,148,18
2016-03-08 18:00:00,Tuesday,156,127,29
2016-03-08 19:00:00,Tuesday,73,58,15
2016-03-08 20:00:00,Tuesday,49,41,8
2016-03-08 21:00:00,Tuesday,30,26,4
2016-03-08 22:00:00,Tuesday,13,10,3
2016-03-08 23:00:00,Tuesday,11,11,0
2016-03-09 00:00:00,Wednesday,4,4,0
2016-03-09 01:00:00,Wednesday,2,2,0
2016-03-09 02:00:00,Wednesday,1,1,0
2016-03-09 03:00:00,Wednesday,0,0,0
2016-03-09 04:00:00,Wednesday,1,1,0
2016-03-09 05:00:00,Wednesday,13,1,12
2016-03-09 06:00:00,Wednesday,37,5,32
2016-03-09 07:00:00,Wednesday,111,11,100
2016-03-09 08:00:00,Wednesday,281,38,243
2016-03-09 09:00:00,Wednesday,146,20,126
2016-03-09 10:00:00,Wednesday,78,17,61
2016-03-09 11:00:00,Wednesday,56,16,40
2016-03-09 12:00:00,Wednesday,54,21,33
2016-03-09 13:00:00,Wednesday,49,20,29
2016-03-09 14:00:00,Wednesday,47,31,16
2016-03-09 15:00:00,Wednesday,57,33,24
2016-03-09 16:00:00,Wednesday,107,85,22
2016-03-09 17:00:00,Wednesday,208,168,40
2016-03-09 18:00:00,Wednesday,182,148,34
2016-03-09 19:00:00,Wednesday,87,74,13
2016-03-09 20:00:00,Wednesday,62,49,13
2016-03-09 21:00:00,Wednesday,40,35,5
2016-03-09 22:00:00,Wednesday,16,15,1
2016-03-09 23:00:00,Wednesday,15,12,3
2016-03-10 00:00:00,Thursday,4,3,1
2016-03-10 01:00:00,Thursday,4,3,1
2016-03-10 02:00:00,Thursday,3,3,0
2016-03-10 03:00:00,Thursday,0,0,0
2016-03-10 04:00:00,Thursday,2,1,1
2016-03-10 05:00:00,Thursday,5,0,5
2016-03-10 06:00:00,Thursday,26,5,21
2016-03-10 07:00:00,Thursday,63,8,55
2016-03-10 08:00:00,Thursday,155,17,138
2016-03-10 09:00:00,Thursday,125,15,110
2016-03-10 10:00:00,Thursday,47,12,35
2016-03-10 11:00:00,Thursday,24,9,15
2016-03-10 12:00:00,Thursday,29,11,18
2016-03-10 13:00:00,Thursday,22,14,8
2016-03-10 14:00:00,Thursday,17,11,6
2016-03-10 15:00:00,Thursday,35,25,10
2016-03-10 16:00:00,Thursday,37,29,8
2016-03-10 17:00:00,Thursday,109,91,18
2016-03-10 18:00:00,Thursday,76,69,7
2016-03-10 19:00:00,Thursday,37,25,12
2016-03-10 20:00:00,Thursday,22,19,3
2016-03-10 21:00:00,Thursday,15,14,1
2016-03-10 22:00:00,Thursday,4,4,0
2016-03-10 23:00:00,Thursday,2,1,1
2016-03-11 00:00:00,Friday,0,0,0
2016-03-11 01:00:00,Friday,0,0,0
2016-03-11 02:00:00,Friday,1,1,0
2016-03-11 03:00:00,Friday,2,2,0
2016-03-11 04:00:00,Friday,2,1,1
2016-03-11 05:00:00,Friday,5,1,4
2016-03-11 06:00:00,Friday,25,2,23
2016-03-11 07:00:00,Friday,55,7,48
2016-03-11 08:00:00,Friday,170,12,158
2016-03-11 09:00:00,Friday,116,13,103
2016-03-11 10:00:00,Friday,48,9,39
2016-03-11 11:00:00,Friday,40,12,28
2016-03-11 12:00:00,Friday,42,13,29
2016-03-11 13:00:00,Friday,49,24,25
2016-03-11 14:00:00,Friday,40,21,19
2016-03-11 15:00:00,Friday,43,25,18
2016-03-11 16:00:00,Friday,85,65,20
2016-03-11 17:00:00,Friday,134,117,17
2016-03-11 18:00:00,Friday,113,88,25
2016-03-11 19:00:00,Friday,61,48,13
2016-03-11 20:00:00,Friday,27,23,4
2016-03-11 21:00:00,Friday,24,18,6
2016-03-11 22:00:00,Friday,15,12,3
2016-03-11 23:00:00,Friday,14,12,2
2016-03-12 00:00:00,Saturday,13,11,2
2016-03-12 01:00:00,Saturday,1,1,0
2016-03-12 02:00:00,Saturday,2,2,0
2016-03-12 03:00:00,Saturday,1,0,1
2016-03-12 04:00:00,Saturday,0,0,0
2016-03-12 05:00:00,Saturday,2,1,1
2016-03-12 06:00:00,Saturday,3,1,2
2016-03-12 07:00:00,Saturday,4,1,3
2016-03-12 08:00:00,Saturday,14,6,8
2016-03-12 09:00:00,Saturday,30,9,21
2016-03-12 10:00:00,Saturday,17,3,14
2016-03-12 11:00:00,Saturday,34,8,26
2016-03-12 12:00:00,Saturday,38,11,27
2016-03-12 13:00:00,Saturday,29,11,18
2016-03-12 14:00:00,Saturday,46,16,30
2016-03-12 15:00:00,Saturday,50,20,30
2016-03-12 16:00:00,Saturday,35,23,12
2016-03-12 17:00:00,Saturday,41,26,15
2016-03-12 18:00:00,Saturday,29,18,11
2016-03-12 19:00:00,Saturday,23,15,8
2016-03-12 20:00:00,Saturday,20,11,9
2016-03-12 21:00:00,Saturday,15,11,4
2016-03-12 22:00:00,Saturday,15,13,2
2016-03-12 23:00:00,Saturday,8,6,2
2016-03-13 00:00:00,Sunday,11,8,3
2016-03-13 01:00:00,Sunday,1,0,1
2016-03-13 02:00:00,Sunday,0,0,0
2016-03-13 03:00:00,Sunday,1,1,0
2016-03-13 04:00:00,Sunday,1,1,0
2016-03-13 05:00:00,Sunday,1,0,1
2016-03-13 06:00:00,Sunday,2,0,2
2016-03-13 07:00:00,Sunday,4,1,3
2016-03-13 08:00:00,Sunday,4,2,2
2016-03-13 09:00:00,Sunday,15,3,12
2016-03-13 10:00:00,Sunday,25,3,22
2016-03-13 11:00:00,Sunday,28,18,10
2016-03-13 12:00:00,Sunday,38,7,31
2016-03-13 13:00:00,Sunday,45,16,29
2016-03-13 14:00:00,Sunday,37,11,26
2016-03-13 15:00:00,Sunday,36,16,20
2016-03-13 16:00:00,Sunday,45,19,26
2016-03-13 17:00:00,Sunday,43,25,18
2016-03-13 18:00:00,Sunday,36,23,13
2016-03-13 19:00:00,Sunday,25,16,9
2016-03-13 20:00:00,Sunday,12,9,3
2016-03-13 21:00:00,Sunday,8,4,4
2016-03-13 22:00:00,Sunday,13,9,4
2016-03-13 23:00:00,Sunday,1,1,0
2016-03-14 00:00:00,Monday,1,1,0
2016-03-14 01:00:00,Monday,1,1,0
2016-03-14 02:00:00,Monday,2,2,0
2016-03-14 03:00:00,Monday,0,0,0
2016-03-14 04:00:00,Monday,0,0,0
2016-03-14 05:00:00,Monday,7,0,7
2016-03-14 06:00:00,Monday,21,1,20
2016-03-14 07:00:00,Monday,54,8,46
2016-03-14 08:00:00,Monday,156,20,136
2016-03-14 09:00:00,Monday,129,12,117
2016-03-14 10:00:00,Monday,49,11,38
2016-03-14 11:00:00,Monday,25,7,18
2016-03-14 12:00:00,Monday,30,10,20
2016-03-14 13:00:00,Monday,34,18,16
2016-03-14 14:00:00,Monday,13,9,4
2016-03-14 15:00:00,Monday,19,11,8
2016-03-14 16:00:00,Monday,34,27,7
2016-03-14 17:00:00,Monday,119,107,12
2016-03-14 18:00:00,Monday,103,83,20
2016-03-14 19:00:00,Monday,53,48,5
2016-03-14 20:00:00,Monday,20,18,2
2016-03-14 21:00:00,Monday,11,9,2
2016-03-14 22:00:00,Monday,6,6,0
2016-03-14 23:00:00,Monday,6,5,1
2016-03-15 00:00:00,Tuesday,5,4,1
2016-03-15 01:00:00,Tuesday,0,0,0
2016-03-15 02:00:00,Tuesday,1,0,1
2016-03-15 03:00:00,Tuesday,1,0,1
2016-03-15 04:00:00,Tuesday,1,0,1
2016-03-15 05:00:00,Tuesday,2,0,2
2016-03-15 06:00:00,Tuesday,12,0,12
2016-03-15 07:00:00,Tuesday,27,4,23
2016-03-15 08:00:00,Tuesday,88,9,79
2016-03-15 09:00:00,Tuesday,63,2,61
2016-03-15 10:00:00,Tuesday,24,6,18
2016-03-15 11:00:00,Tuesday,13,5,8
2016-03-15 12:00:00,Tuesday,16,5,11
2016-03-15 13:00:00,Tuesday,14,8,6
2016-03-15 14:00:00,Tuesday,5,1,4
2016-03-15 15:00:00,Tuesday,14,7,7
2016-03-15 16:00:00,Tuesday,28,13,15
2016-03-15 17:00:00,Tuesday,59,42,17
2016-03-15 18:00:00,Tuesday,62,53,9
2016-03-15 19:00:00,Tuesday,35,27,8
2016-03-15 20:00:00,Tuesday,26,20,6
2016-03-15 21:00:00,Tuesday,25,21,4
2016-03-15 22:00:00,Tuesday,13,11,2
2016-03-15 23:00:00,Tuesday,11,8,3
2016-03-16 00:00:00,Wednesday,7,4,3
2016-03-16 01:00:00,Wednesday,1,1,0
2016-03-16 02:00:00,Wednesday,0,0,0
2016-03-16 03:00:00,Wednesday,0,0,0
2016-03-16 04:00:00,Wednesday,1,1,0
2016-03-16 05:00:00,Wednesday,2,0,2
2016-03-16 06:00:00,Wednesday,29,4,25
2016-03-16 07:00:00,Wednesday,68,6,62
2016-03-16 08:00:00,Wednesday,204,18,186
2016-03-16 09:00:00,Wednesday,152,17,135
2016-03-16 10:00:00,Wednesday,59,5,54
2016-03-16 11:00:00,Wednesday,48,16,32
2016-03-16 12:00:00,Wednesday,32,8,24
2016-03-16 13:00:00,Wednesday,34,15,19
2016-03-16 14:00:00,Wednesday,35,17,18
2016-03-16 15:00:00,Wednesday,44,28,16
2016-03-16 16:00:00,Wednesday,54,36,18
2016-03-16 17:00:00,Wednesday,184,139,45
2016-03-16 18:00:00,Wednesday,165,128,37
2016-03-16 19:00:00,Wednesday,69,49,20
2016-03-16 20:00:00,Wednesday,48,38,10
2016-03-16 21:00:00,Wednesday,32,27,5
2016-03-16 22:00:00,Wednesday,15,11,4
2016-03-16 23:00:00,Wednesday,13,11,2
2016-03-17 00:00:00,Thursday,3,3,0
2016-03-17 01:00:00,Thursday,2,2,0
2016-03-17 02:00:00,Thursday,0,0,0
2016-03-17 03:00:00,Thursday,1,0,1
2016-03-17 04:00:00,Thursday,0,0,0
2016-03-17 05:00:00,Thursday,5,1,4
2016-03-17 06:00:00,Thursday,27,3,24
2016-03-17 07:00:00,Thursday,71,11,60
2016-03-17 08:00:00,Thursday,205,27,178
2016-03-17 09:00:00,Thursday,134,14,120
2016-03-17 10:00:00,Thursday,75,12,63
2016-03-17 11:00:00,Thursday,51,13,38
2016-03-17 12:00:00,Thursday,40,16,24
2016-03-17 13:00:00,Thursday,33,11,22
2016-03-17 14:00:00,Thursday,38,19,19
2016-03-17 15:00:00,Thursday,51,23,28
2016-03-17 16:00:00,Thursday,71,41,30
2016-03-17 17:00:00,Thursday,143,115,28
2016-03-17 18:00:00,Thursday,132,100,32
2016-03-17 19:00:00,Thursday,84,67,17
2016-03-17 20:00:00,Thursday,41,30,11
2016-03-17 21:00:00,Thursday,33,28,5
2016-03-17 22:00:00,Thursday,15,15,0
2016-03-17 23:00:00,Thursday,11,10,1
2016-03-18 00:00:00,Friday,4,2,2
2016-03-18 01:00:00,Friday,0,0,0
2016-03-18 02:00:00,Friday,1,1,0
2016-03-18 03:00:00,Friday,1,0,1
2016-03-18 04:00:00,Friday,0,0,0
2016-03-18 05:00:00,Friday,3,0,3
2016-03-18 06:00:00,Friday,22,2,20
2016-03-18 07:00:00,Friday,67,9,58
2016-03-18 08:00:00,Friday,200,18,182
2016-03-18 09:00:00,Friday,143,15,128
2016-03-18 10:00:00,Friday,59,11,48
2016-03-18 11:00:00,Friday,59,14,45
2016-03-18 12:00:00,Friday,36,13,23
2016-03-18 13:00:00,Friday,40,19,21
2016-03-18 14:00:00,Friday,45,24,21
2016-03-18 15:00:00,Friday,41,24,17
2016-03-18 16:00:00,Friday,72,51,21
2016-03-18 17:00:00,Friday,135,106,29
2016-03-18 18:00:00,Friday,106,86,20
2016-03-18 19:00:00,Friday,54,42,12
2016-03-18 20:00:00,Friday,26,17,9
2016-03-18 21:00:00,Friday,13,13,0
2016-03-18 22:00:00,Friday,9,6,3
2016-03-18 23:00:00,Friday,8,7,1
2016-03-19 00:00:00,Saturday,7,6,1
2016-03-19 01:00:00,Saturday,1,1,0
2016-03-19 02:00:00,Saturday,1,1,0
2016-03-19 03:00:00,Saturday,1,1,0
2016-03-19 04:00:00,Saturday,0,0,0
2016-03-19 05:00:00,Saturday,4,0,4
2016-03-19 06:00:00,Saturday,1,0,1
2016-03-19 07:00:00,Saturday,9,3,6
2016-03-19 08:00:00,Saturday,8,1,7
2016-03-19 09:00:00,Saturday,23,7,16
2016-03-19 10:00:00,Saturday,17,6,11
2016-03-19 11:00:00,Saturday,17,9,8
2016-03-19 12:00:00,Saturday,19,4,15
2016-03-19 13:00:00,Saturday,26,8,18
2016-03-19 14:00:00,Saturday,22,8,14
2016-03-19 15:00:00,Saturday,26,6,20
2016-03-19 16:00:00,Saturday,24,10,14
2016-03-19 17:00:00,Saturday,24,9,15
2016-03-19 18:00:00,Saturday,28,11,17
2016-03-19 19:00:00,Saturday,26,11,15
2016-03-19 20:00:00,Saturday,9,7,2
2016-03-19 21:00:00,Saturday,7,3,4
2016-03-19 22:00:00,Saturday,7,5,2
2016-03-19 23:00:00,Saturday,7,7,0
2016-03-20 00:00:00,Sunday,7,5,2
2016-03-20 01:00:00,Sunday,6,5,1
2016-03-20 02:00:00,Sunday,2,2,0
2016-03-20 03:00:00,Sunday,1,1,0
2016-03-20 04:00:00,Sunday,1,1,0
2016-03-20 05:00:00,Sunday,2,1,1
2016-03-20 06:00:00,Sunday,0,0,0
2016-03-20 07:00:00,Sunday,3,0,3
2016-03-20 08:00:00,Sunday,7,2,5
2016-03-20 09:00:00,Sunday,11,2,9
2016-03-20 10:00:00,Sunday,14,6,8
2016-03-20 11:00:00,Sunday,22,7,15
2016-03-20 12:00:00,Sunday,20,3,17
2016-03-20 13:00:00,Sunday,21,5,16
2016-03-20 14:00:00,Sunday,38,11,27
2016-03-20 15:00:00,Sunday,26,14,12
2016-03-20 16:00:00,Sunday,12,8,4
2016-03-20 17:00:00,Sunday,10,8,2
2016-03-20 18:00:00,Sunday,14,11,3
2016-03-20 19:00:00,Sunday,11,8,3
2016-03-20 20:00:00,Sunday,12,8,4
2016-03-20 21:00:00,Sunday,3,0,3
2016-03-20 22:00:00,Sunday,4,3,1
2016-03-20 23:00:00,Sunday,2,2,0
2016-03-21 00:00:00,Monday,2,1,1
2016-03-21 01:00:00,Monday,1,0,1
2016-03-21 02:00:00,Monday,1,1,0
2016-03-21 03:00:00,Monday,0,0,0
2016-03-21 04:00:00,Monday,0,0,0
2016-03-21 05:00:00,Monday,3,1,2
2016-03-21 06:00:00,Monday,3,1,2
2016-03-21 07:00:00,Monday,9,2,7
2016-03-21 08:00:00,Monday,41,1,40
2016-03-21 09:00:00,Monday,43,3,40
2016-03-21 10:00:00,Monday,26,4,22
2016-03-21 11:00:00,Monday,16,2,14
2016-03-21 12:00:00,Monday,10,1,9
2016-03-21 13:00:00,Monday,15,5,10
2016-03-21 14:00:00,Monday,16,7,9
2016-03-21 15:00:00,Monday,13,6,7
2016-03-21 16:00:00,Monday,24,18,6
2016-03-21 17:00:00,Monday,52,38,14
2016-03-21 18:00:00,Monday,53,40,13
2016-03-21 19:00:00,Monday,26,18,8
2016-03-21 20:00:00,Monday,15,10,5
2016-03-21 21:00:00,Monday,10,6,4
2016-03-21 22:00:00,Monday,13,9,4
2016-03-21 23:00:00,Monday,6,5,1
2016-03-22 00:00:00,Tuesday,2,2,0
2016-03-22 01:00:00,Tuesday,0,0,0
2016-03-22 02:00:00,Tuesday,3,2,1
2016-03-22 03:00:00,Tuesday,1,0,1
2016-03-22 04:00:00,Tuesday,1,0,1
2016-03-22 05:00:00,Tuesday,5,1,4
2016-03-22 06:00:00,Tuesday,28,0,28
2016-03-22 07:00:00,Tuesday,73,7,66
2016-03-22 08:00:00,Tuesday,200,20,180
2016-03-22 09:00:00,Tuesday,142,22,120
2016-03-22 10:00:00,Tuesday,62,13,49
2016-03-22 11:00:00,Tuesday,33,7,26
2016-03-22 12:00:00,Tuesday,21,8,13
2016-03-22 13:00:00,Tuesday,26,14,12
2016-03-22 14:00:00,Tuesday,26,13,13
2016-03-22 15:00:00,Tuesday,42,22,20
2016-03-22 16:00:00,Tuesday,64,41,23
2016-03-22 17:00:00,Tuesday,149,118,31
2016-03-22 18:00:00,Tuesday,143,110,33
2016-03-22 19:00:00,Tuesday,64,52,12
2016-03-22 20:00:00,Tuesday,48,41,7
2016-03-22 21:00:00,Tuesday,23,20,3
2016-03-22 22:00:00,Tuesday,21,15,6
2016-03-22 23:00:00,Tuesday,11,10,1
2016-03-23 00:00:00,Wednesday,2,0,2
2016-03-23 01:00:00,Wednesday,2,1,1
2016-03-23 02:00:00,Wednesday,0,0,0
2016-03-23 03:00:00,Wednesday,0,0,0
2016-03-23 04:00:00,Wednesday,0,0,0
2016-03-23 05:00:00,Wednesday,4,0,4
2016-03-23 06:00:00,Wednesday,34,6,28
2016-03-23 07:00:00,Wednesday,84,10,74
2016-03-23 08:00:00,Wednesday,197,17,180
2016-03-23 09:00:00,Wednesday,131,15,116
2016-03-23 10:00:00,Wednesday,59,12,47
2016-03-23 11:00:00,Wednesday,29,6,23
2016-03-23 12:00:00,Wednesday,32,14,18
2016-03-23 13:00:00,Wednesday,36,21,15
2016-03-23 14:00:00,Wednesday,36,18,18
2016-03-23 15:00:00,Wednesday,38,19,19
2016-03-23 16:00:00,Wednesday,60,39,21
2016-03-23 17:00:00,Wednesday,154,116,38
2016-03-23 18:00:00,Wednesday,112,95,17
2016-03-23 19:00:00,Wednesday,72,63,9
2016-03-23 20:00:00,Wednesday,37,32,5
2016-03-23 21:00:00,Wednesday,21,18,3
2016-03-23 22:00:00,Wednesday,10,7,3
2016-03-23 23:00:00,Wednesday,6,5,1
2016-03-24 00:00:00,Thursday,2,2,0
2016-03-24 01:00:00,Thursday,2,2,0
2016-03-24 02:00:00,Thursday,1,1,0
2016-03-24 03:00:00,Thursday,0,0,0
2016-03-24 04:00:00,Thursday,4,1,3
2016-03-24 05:00:00,Thursday,1,0,1
2016-03-24 06:00:00,Thursday,28,3,25
2016-03-24 07:00:00,Thursday,75,5,70
2016-03-24 08:00:00,Thursday,180,24,156
2016-03-24 09:00:00,Thursday,142,28,114
2016-03-24 10:00:00,Thursday,64,13,51
2016-03-24 11:00:00,Thursday,49,11,38
2016-03-24 12:00:00,Thursday,31,6,25
2016-03-24 13:00:00,Thursday,33,11,22
2016-03-24 14:00:00,Thursday,20,11,9
2016-03-24 15:00:00,Thursday,41,33,8
2016-03-24 16:00:00,Thursday,62,46,16
2016-03-24 17:00:00,Thursday,129,98,31
2016-03-24 18:00:00,Thursday,115,95,20
2016-03-24 19:00:00,Thursday,76,56,20
2016-03-24 20:00:00,Thursday,35,28,7
2016-03-24 21:00:00,Thursday,18,12,6
2016-03-24 22:00:00,Thursday,12,11,1
2016-03-24 23:00:00,Thursday,8,7,1
2016-03-25 00:00:00,Friday,2,2,0
2016-03-25 01:00:00,Friday,0,0,0
2016-03-25 02:00:00,Friday,2,2,0
2016-03-25 03:00:00,Friday,0,0,0
2016-03-25 04:00:00,Friday,0,0,0
2016-03-25 05:00:00,Friday,5,1,4
2016-03-25 06:00:00,Friday,20,3,17
2016-03-25 07:00:00,Friday,47,3,44
2016-03-25 08:00:00,Friday,110,6,104
2016-03-25 09:00:00,Friday,82,10,72
2016-03-25 10:00:00,Friday,26,6,20
2016-03-25 11:00:00,Friday,13,2,11
2016-03-25 12:00:00,Friday,12,7,5
2016-03-25 13:00:00,Friday,20,8,12
2016-03-25 14:00:00,Friday,17,9,8
2016-03-25 15:00:00,Friday,32,15,17
2016-03-25 16:00:00,Friday,48,33,15
2016-03-25 17:00:00,Friday,79,71,8
2016-03-25 18:00:00,Friday,77,66,11
2016-03-25 19:00:00,Friday,33,29,4
2016-03-25 20:00:00,Friday,17,14,3
2016-03-25 21:00:00,Friday,19,15,4
2016-03-25 22:00:00,Friday,1,0,1
2016-03-25 23:00:00,Friday,9,8,1
2016-03-26 00:00:00,Saturday,5,5,0
2016-03-26 01:00:00,Saturday,2,1,1
2016-03-26 02:00:00,Saturday,3,2,1
2016-03-26 03:00:00,Saturday,1,1,0
2016-03-26 04:00:00,Saturday,0,0,0
2016-03-26 05:00:00,Saturday,0,0,0
2016-03-26 06:00:00,Saturday,6,0,6
2016-03-26 07:00:00,Saturday,5,2,3
2016-03-26 08:00:00,Saturday,13,2,11
2016-03-26 09:00:00,Saturday,12,4,8
2016-03-26 10:00:00,Saturday,18,4,14
2016-03-26 11:00:00,Saturday,15,4,11
2016-03-26 12:00:00,Saturday,30,12,18
2016-03-26 13:00:00,Saturday,22,9,13
2016-03-26 14:00:00,Saturday,26,7,19
2016-03-26 15:00:00,Saturday,27,11,16
2016-03-26 16:00:00,Saturday,27,16,11
2016-03-26 17:00:00,Saturday,14,4,10
2016-03-26 18:00:00,Saturday,23,8,15
2016-03-26 19:00:00,Saturday,28,18,10
2016-03-26 20:00:00,Saturday,17,14,3
2016-03-26 21:00:00,Saturday,10,5,5
2016-03-26 22:00:00,Saturday,12,7,5
2016-03-26 23:00:00,Saturday,6,4,2
2016-03-27 00:00:00,Sunday,6,6,0
2016-03-27 01:00:00,Sunday,1,1,0
2016-03-27 02:00:00,Sunday,3,3,0
2016-03-27 03:00:00,Sunday,1,1,0
2016-03-27 04:00:00,Sunday,0,0,0
2016-03-27 05:00:00,Sunday,1,0,1
2016-03-27 06:00:00,Sunday,2,0,2
2016-03-27 07:00:00,Sunday,3,0,3
2016-03-27 08:00:00,Sunday,3,1,2
2016-03-27 09:00:00,Sunday,16,3,13
2016-03-27 10:00:00,Sunday,17,4,13
2016-03-27 11:00:00,Sunday,21,5,16
2016-03-27 12:00:00,Sunday,33,17,16
2016-03-27 13:00:00,Sunday,27,11,16
2016-03-27 14:00:00,Sunday,17,6,11
2016-03-27 15:00:00,Sunday,27,9,18
2016-03-27 16:00:00,Sunday,22,11,11
2016-03-27 17:00:00,Sunday,29,12,17
2016-03-27 18:00:00,Sunday,15,8,7
2016-03-27 19:00:00,Sunday,11,6,5
2016-03-27 20:00:00,Sunday,8,4,4
2016-03-27 21:00:00,Sunday,10,7,3
2016-03-27 22:00:00,Sunday,3,1,2
2016-03-27 23:00:00,Sunday,4,4,0
2016-03-28 00:00:00,Monday,1,1,0
2016-03-28 01:00:00,Monday,2,1,1
2016-03-28 02:00:00,Monday,1,1,0
2016-03-28 03:00:00,Monday,0,0,0
2016-03-28 04:00:00,Monday,0,0,0
2016-03-28 05:00:00,Monday,6,0,6
2016-03-28 06:00:00,Monday,20,0,20
2016-03-28 07:00:00,Monday,44,2,42
2016-03-28 08:00:00,Monday,131,10,121
2016-03-28 09:00:00,Monday,75,4,71
2016-03-28 10:00:00,Monday,25,6,19
2016-03-28 11:00:00,Monday,13,4,9
2016-03-28 12:00:00,Monday,19,8,11
2016-03-28 13:00:00,Monday,7,3,4
2016-03-28 14:00:00,Monday,11,7,4
2016-03-28 15:00:00,Monday,19,13,6
2016-03-28 16:00:00,Monday,38,26,12
2016-03-28 17:00:00,Monday,73,67,6
2016-03-28 18:00:00,Monday,67,58,9
2016-03-28 19:00:00,Monday,44,35,9
2016-03-28 20:00:00,Monday,23,16,7
2016-03-28 21:00:00,Monday,17,12,5
2016-03-28 22:00:00,Monday,10,10,0
2016-03-28 23:00:00,Monday,7,5,2
2016-03-29 00:00:00,Tuesday,2,1,1
2016-03-29 01:00:00,Tuesday,1,1,0
2016-03-29 02:00:00,Tuesday,1,1,0
2016-03-29 03:00:00,Tuesday,0,0,0
2016-03-29 04:00:00,Tuesday,0,0,0
2016-03-29 05:00:00,Tuesday,6,0,6
2016-03-29 06:00:00,Tuesday,18,1,17
2016-03-29 07:00:00,Tuesday,95,3,92
2016-03-29 08:00:00,Tuesday,207,14,193
2016-03-29 09:00:00,Tuesday,147,11,136
2016-03-29 10:00:00,Tuesday,58,8,50
2016-03-29 11:00:00,Tuesday,44,10,34
2016-03-29 12:00:00,Tuesday,41,13,28
2016-03-29 13:00:00,Tuesday,30,9,21
2016-03-29 14:00:00,Tuesday,31,19,12
2016-03-29 15:00:00,Tuesday,50,26,24
2016-03-29 16:00:00,Tuesday,65,45,20
2016-03-29 17:00:00,Tuesday,183,155,28
2016-03-29 18:00:00,Tuesday,157,125,32
2016-03-29 19:00:00,Tuesday,89,63,26
2016-03-29 20:00:00,Tuesday,36,25,11
2016-03-29 21:00:00,Tuesday,22,18,4
2016-03-29 22:00:00,Tuesday,15,12,3
2016-03-29 23:00:00,Tuesday,8,8,0
2016-03-30 00:00:00,Wednesday,5,5,0
2016-03-30 01:00:00,Wednesday,2,1,1
2016-03-30 02:00:00,Wednesday,1,1,0
2016-03-30 03:00:00,Wednesday,0,0,0
2016-03-30 04:00:00,Wednesday,2,1,1
2016-03-30 05:00:00,Wednesday,10,1,9
2016-03-30 06:00:00,Wednesday,33,2,31
2016-03-30 07:00:00,Wednesday,92,5,87
2016-03-30 08:00:00,Wednesday,252,21,231
2016-03-30 09:00:00,Wednesday,179,22,157
2016-03-30 10:00:00,Wednesday,84,14,70
2016-03-30 11:00:00,Wednesday,62,18,44
2016-03-30 12:00:00,Wednesday,55,15,40
2016-03-30 13:00:00,Wednesday,47,21,26
2016-03-30 14:00:00,Wednesday,57,27,30
2016-03-30 15:00:00,Wednesday,60,36,24
2016-03-30 16:00:00,Wednesday,95,60,35
2016-03-30 17:00:00,Wednesday,178,138,40
2016-03-30 18:00:00,Wednesday,190,155,35
2016-03-30 19:00:00,Wednesday,89,72,17
2016-03-30 20:00:00,Wednesday,45,36,9
2016-03-30 21:00:00,Wednesday,52,42,10
2016-03-30 22:00:00,Wednesday,15,13,2
2016-03-30 23:00:00,Wednesday,14,13,1
2016-03-31 00:00:00,Thursday,7,5,2
2016-03-31 01:00:00,Thursday,0,0,0
2016-03-31 02:00:00,Thursday,1,1,0
2016-03-31 03:00:00,Thursday,1,0,1
2016-03-31 04:00:00,Thursday,1,0,1
2016-03-31 05:00:00,Thursday,6,1,5
2016-03-31 06:00:00,Thursday,40,2,38
2016-03-31 07:00:00,Thursday,86,5,81
2016-03-31 08:00:00,Thursday,264,27,237
2016-03-31 09:00:00,Thursday,198,19,179
2016-03-31 10:00:00,Thursday,83,21,62
2016-03-31 11:00:00,Thursday,40,9,31
2016-03-31 12:00:00,Thursday,48,13,35
2016-03-31 13:00:00,Thursday,31,13,18
2016-03-31 14:00:00,Thursday,41,23,18
2016-03-31 15:00:00,Thursday,48,27,21
2016-03-31 16:00:00,Thursday,87,65,22
2016-03-31 17:00:00,Thursday,195,150,45
2016-03-31 18:00:00,Thursday,140,119,21
2016-03-31 19:00:00,Thursday,80,61,19
2016-03-31 20:00:00,Thursday,59,47,12
2016-03-31 21:00:00,Thursday,33,29,4
2016-03-31 22:00:00,Thursday,22,20,2
2016-03-31 23:00:00,Thursday,15,13,2
2016-04-01 00:00:00,Friday,4,3,1
2016-04-01 01:00:00,Friday,2,1,1
2016-04-01 02:00:00,Friday,3,2,1
2016-04-01 03:00:00,Friday,0,0,0
2016-04-01 04:00:00,Friday,0,0,0
2016-04-01 05:00:00,Friday,3,0,3
2016-04-01 06:00:00,Friday,24,2,22
2016-04-01 07:00:00,Friday,88,8,80
2016-04-01 08:00:00,Friday,182,18,164
2016-04-01 09:00:00,Friday,138,20,118
2016-04-01 10:00:00,Friday,62,11,51
2016-04-01 11:00:00,Friday,49,9,40
2016-04-01 12:00:00,Friday,43,16,27
2016-04-01 13:00:00,Friday,35,17,18
2016-04-01 14:00:00,Friday,43,22,21
2016-04-01 15:00:00,Friday,38,27,11
2016-04-01 16:00:00,Friday,89,61,28
2016-04-01 17:00:00,Friday,132,100,32
2016-04-01 18:00:00,Friday,124,97,27
2016-04-01 19:00:00,Friday,63,44,19
2016-04-01 20:00:00,Friday,22,17,5
2016-04-01 21:00:00,Friday,25,21,4
2016-04-01 22:00:00,Friday,18,12,6
2016-04-01 23:00:00,Friday,15,12,3
2016-04-02 00:00:00,Saturday,11,8,3
2016-04-02 01:00:00,Saturday,9,7,2
2016-04-02 02:00:00,Saturday,3,3,0
2016-04-02 03:00:00,Saturday,1,1,0
2016-04-02 04:00:00,Saturday,3,0,3
2016-04-02 05:00:00,Saturday,2,1,1
2016-04-02 06:00:00,Saturday,7,0,7
2016-04-02 07:00:00,Saturday,6,0,6
2016-04-02 08:00:00,Saturday,11,3,8
2016-04-02 09:00:00,Saturday,16,2,14
2016-04-02 10:00:00,Saturday,17,4,13
2016-04-02 11:00:00,Saturday,8,2,6
2016-04-02 12:00:00,Saturday,12,4,8
2016-04-02 13:00:00,Saturday,4,0,4
2016-04-02 14:00:00,Saturday,8,1,7
2016-04-02 15:00:00,Saturday,14,5,9
2016-04-02 16:00:00,Saturday,8,3,5
2016-04-02 17:00:00,Saturday,21,7,14
2016-04-02 18:00:00,Saturday,20,11,9
2016-04-02 19:00:00,Saturday,10,9,1
2016-04-02 20:00:00,Saturday,7,6,1
2016-04-02 21:00:00,Saturday,5,3,2
2016-04-02 22:00:00,Saturday,8,4,4
2016-04-02 23:00:00,Saturday,9,7,2
2016-04-03 00:00:00,Sunday,3,3,0
2016-04-03 01:00:00,Sunday,3,2,1
2016-04-03 02:00:00,Sunday,2,2,0
2016-04-03 03:00:00,Sunday,2,2,0
2016-04-03 04:00:00,Sunday,2,0,2
2016-04-03 05:00:00,Sunday,1,0,1
2016-04-03 06:00:00,Sunday,3,0,3
2016-04-03 07:00:00,Sunday,2,0,2
2016-04-03 08:00:00,Sunday,2,0,2
2016-04-03 09:00:00,Sunday,0,0,0
2016-04-03 10:00:00,Sunday,5,0,5
2016-04-03 11:00:00,Sunday,8,3,5
2016-04-03 12:00:00,Sunday,13,3,10
2016-04-03 13:00:00,Sunday,12,5,7
2016-04-03 14:00:00,Sunday,15,4,11
2016-04-03 15:00:00,Sunday,13,2,11
2016-04-03 16:00:00,Sunday,9,4,5
2016-04-03 17:00:00,Sunday,18,13,5
2016-04-03 18:00:00,Sunday,7,5,2
2016-04-03 19:00:00,Sunday,7,4,3
2016-04-03 20:00:00,Sunday,8,5,3
2016-04-03 21:00:00,Sunday,3,2,1
2016-04-03 22:00:00,Sunday,4,2,2
2016-04-03 23:00:00,Sunday,4,3,1
2016-04-04 00:00:00,Monday,3,3,0
2016-04-04 01:00:00,Monday,1,1,0
2016-04-04 02:00:00,Monday,0,0,0
2016-04-04 03:00:00,Monday,0,0,0
2016-04-04 04:00:00,Monday,0,0,0
2016-04-04 05:00:00,Monday,3,0,3
2016-04-04 06:00:00,Monday,19,1,18
2016-04-04 07:00:00,Monday,24,2,22
2016-04-04 08:00:00,Monday,66,7,59
2016-04-04 09:00:00,Monday,63,6,57
2016-04-04 10:00:00,Monday,26,7,19
2016-04-04 11:00:00,Monday,23,5,18
2016-04-04 12:00:00,Monday,14,4,10
2016-04-04 13:00:00,Monday,12,3,9
2016-04-04 14:00:00,Monday,4,2,2
2016-04-04 15:00:00,Monday,4,2,2
2016-04-04 16:00:00,Monday,4,1,3
2016-04-04 17:00:00,Monday,14,7,7
2016-04-04 18:00:00,Monday,6,4,2
2016-04-04 19:00:00,Monday,8,3,5
2016-04-04 20:00:00,Monday,2,0,2
2016-04-04 21:00:00,Monday,4,2,2
2016-04-04 22:00:00,Monday,7,4,3
2016-04-04 23:00:00,Monday,3,2,1
2016-04-05 00:00:00,Tuesday,3,2,1
2016-04-05 01:00:00,Tuesday,1,1,0
2016-04-05 02:00:00,Tuesday,1,1,0
2016-04-05 03:00:00,Tuesday,0,0,0
2016-04-05 04:00:00,Tuesday,1,1,0
2016-04-05 05:00:00,Tuesday,1,0,1
2016-04-05 06:00:00,Tuesday,9,0,9
2016-04-05 07:00:00,Tuesday,32,2,30
2016-04-05 08:00:00,Tuesday,70,1,69
2016-04-05 09:00:00,Tuesday,81,1,80
2016-04-05 10:00:00,Tuesday,36,2,34
2016-04-05 11:00:00,Tuesday,21,7,14
2016-04-05 12:00:00,Tuesday,20,9,11
2016-04-05 13:00:00,Tuesday,10,2,8
2016-04-05 14:00:00,Tuesday,16,6,10
2016-04-05 15:00:00,Tuesday,21,9,12
2016-04-05 16:00:00,Tuesday,28,15,13
2016-04-05 17:00:00,Tuesday,72,59,13
2016-04-05 18:00:00,Tuesday,79,64,15
2016-04-05 19:00:00,Tuesday,31,22,9
2016-04-05 20:00:00,Tuesday,33,26,7
2016-04-05 21:00:00,Tuesday,21,17,4
2016-04-05 22:00:00,Tuesday,11,10,1
2016-04-05 23:00:00,Tuesday,9,9,0
2016-04-06 00:00:00,Wednesday,4,3,1
2016-04-06 01:00:00,Wednesday,0,0,0
2016-04-06 02:00:00,Wednesday,2,1,1
2016-04-06 03:00:00,Wednesday,0,0,0
2016-04-06 04:00:00,Wednesday,2,1,1
2016-04-06 05:00:00,Wednesday,3,0,3
2016-04-06 06:00:00,Wednesday,18,3,15
2016-04-06 07:00:00,Wednesday,52,5,47
2016-04-06 08:00:00,Wednesday,166,13,153
2016-04-06 09:00:00,Wednesday,124,14,110
2016-04-06 10:00:00,Wednesday,45,6,39
2016-04-06 11:00:00,Wednesday,40,7,33
2016-04-06 12:00:00,Wednesday,41,16,25
2016-04-06 13:00:00,Wednesday,32,11,21
2016-04-06 14:00:00,Wednesday,28,15,13
2016-04-06 15:00:00,Wednesday,29,16,13
2016-04-06 16:00:00,Wednesday,52,38,14
2016-04-06 17:00:00,Wednesday,126,97,29
2016-04-06 18:00:00,Wednesday,105,84,21
2016-04-06 19:00:00,Wednesday,61,52,9
2016-04-06 20:00:00,Wednesday,29,27,2
2016-04-06 21:00:00,Wednesday,18,15,3
2016-04-06 22:00:00,Wednesday,15,12,3
2016-04-06 23:00:00,Wednesday,8,6,2
2016-04-07 00:00:00,Thursday,4,4,0
2016-04-07 01:00:00,Thursday,3,3,0
2016-04-07 02:00:00,Thursday,1,1,0
2016-04-07 03:00:00,Thursday,0,0,0
2016-04-07 04:00:00,Thursday,1,0,1
2016-04-07 05:00:00,Thursday,2,0,2
2016-04-07 06:00:00,Thursday,23,2,21
2016-04-07 07:00:00,Thursday,51,7,44
2016-04-07 08:00:00,Thursday,157,16,141
2016-04-07 09:00:00,Thursday,114,22,92
2016-04-07 10:00:00,Thursday,54,5,49
2016-04-07 11:00:00,Thursday,22,9,13
2016-04-07 12:00:00,Thursday,18,7,11
2016-04-07 13:00:00,Thursday,15,4,11
2016-04-07 14:00:00,Thursday,16,8,8
2016-04-07 15:00:00,Thursday,20,15,5
2016-04-07 16:00:00,Thursday,23,14,9
2016-04-07 17:00:00,Thursday,89,70,19
2016-04-07 18:00:00,Thursday,60,52,8
2016-04-07 19:00:00,Thursday,24,20,4
2016-04-07 20:00:00,Thursday,29,23,6
2016-04-07 21:00:00,Thursday,11,7,4
2016-04-07 22:00:00,Thursday,19,15,4
2016-04-07 23:00:00,Thursday,8,5,3
2016-04-08 00:00:00,Friday,2,2,0
2016-04-08 01:00:00,Friday,1,1,0
2016-04-08 02:00:00,Friday,2,2,0
2016-04-08 03:00:00,Friday,0,0,0
2016-04-08 04:00:00,Friday,1,0,1
2016-04-08 05:00:00,Friday,4,0,4
2016-04-08 06:00:00,Friday,34,5,29
2016-04-08 07:00:00,Friday,65,3,62
2016-04-08 08:00:00,Friday,185,17,168
2016-04-08 09:00:00,Friday,142,14,128
2016-04-08 10:00:00,Friday,51,4,47
2016-04-08 11:00:00,Friday,51,12,39
2016-04-08 12:00:00,Friday,45,12,33
2016-04-08 13:00:00,Friday,29,16,13
2016-04-08 14:00:00,Friday,41,24,17
2016-04-08 15:00:00,Friday,49,26,23
2016-04-08 16:00:00,Friday,82,62,20
2016-04-08 17:00:00,Friday,164,129,35
2016-04-08 18:00:00,Friday,137,114,23
2016-04-08 19:00:00,Friday,79,56,23
2016-04-08 20:00:00,Friday,44,37,7
2016-04-08 21:00:00,Friday,20,16,4
2016-04-08 22:00:00,Friday,17,13,4
2016-04-08 23:00:00,Friday,19,7,12
2016-04-09 00:00:00,Saturday,7,3,4
2016-04-09 01:00:00,Saturday,2,1,1
2016-04-09 02:00:00,Saturday,3,2,1
2016-04-09 03:00:00,Saturday,1,1,0
2016-04-09 04:00:00,Saturday,0,0,0
2016-04-09 05:00:00,Saturday,1,0,1
2016-04-09 06:00:00,Saturday,2,0,2
2016-04-09 07:00:00,Saturday,14,1,13
2016-04-09 08:00:00,Saturday,18,3,15
2016-04-09 09:00:00,Saturday,28,5,23
2016-04-09 10:00:00,Saturday,29,9,20
2016-04-09 11:00:00,Saturday,30,7,23
2016-04-09 12:00:00,Saturday,35,14,21
2016-04-09 13:00:00,Saturday,40,12,28
2016-04-09 14:00:00,Saturday,40,12,28
2016-04-09 15:00:00,Saturday,38,18,20
2016-04-09 16:00:00,Saturday,35,12,23
2016-04-09 17:00:00,Saturday,36,16,20
2016-04-09 18:00:00,Saturday,31,12,19
2016-04-09 19:00:00,Saturday,18,10,8
2016-04-09 20:00:00,Saturday,12,6,6
2016-04-09 21:00:00,Saturday,12,8,4
2016-04-09 22:00:00,Saturday,14,9,5
2016-04-09 23:00:00,Saturday,13,12,1
2016-04-10 00:00:00,Sunday,8,5,3
2016-04-10 01:00:00,Sunday,1,1,0
2016-04-10 02:00:00,Sunday,2,1,1
2016-04-10 03:00:00,Sunday,1,1,0
2016-04-10 04:00:00,Sunday,1,0,1
2016-04-10 05:00:00,Sunday,1,0,1
2016-04-10 06:00:00,Sunday,4,0,4
2016-04-10 07:00:00,Sunday,4,2,2
2016-04-10 08:00:00,Sunday,10,1,9
2016-04-10 09:00:00,Sunday,16,1,15
2016-04-10 10:00:00,Sunday,27,5,22
2016-04-10 11:00:00,Sunday,29,7,22
2016-04-10 12:00:00,Sunday,24,4,20
2016-04-10 13:00:00,Sunday,43,17,26
2016-04-10 14:00:00,Sunday,44,15,29
2016-04-10 15:00:00,Sunday,33,8,25
2016-04-10 16:00:00,Sunday,31,15,16
2016-04-10 17:00:00,Sunday,32,18,14
2016-04-10 18:00:00,Sunday,32,18,14
2016-04-10 19:00:00,Sunday,17,9,8
2016-04-10 20:00:00,Sunday,12,7,5
2016-04-10 21:00:00,Sunday,9,5,4
2016-04-10 22:00:00,Sunday,6,4,2
2016-04-10 23:00:00,Sunday,8,7,1
2016-04-11 00:00:00,Monday,1,1,0
2016-04-11 01:00:00,Monday,3,3,0
2016-04-11 02:00:00,Monday,0,0,0
2016-04-11 03:00:00,Monday,0,0,0
2016-04-11 04:00:00,Monday,2,0,2
2016-04-11 05:00:00,Monday,10,0,10
2016-04-11 06:00:00,Monday,42,2,40
2016-04-11 07:00:00,Monday,65,8,57
2016-04-11 08:00:00,Monday,166,16,150
2016-04-11 09:00:00,Monday,117,16,101
2016-04-11 10:00:00,Monday,65,11,54
2016-04-11 11:00:00,Monday,43,8,35
2016-04-11 12:00:00,Monday,26,10,16
2016-04-11 13:00:00,Monday,35,12,23
2016-04-11 14:00:00,Monday,33,18,15
2016-04-11 15:00:00,Monday,38,21,17
2016-04-11 16:00:00,Monday,55,41,14
2016-04-11 17:00:00,Monday,134,106,28
2016-04-11 18:00:00,Monday,104,74,30
2016-04-11 19:00:00,Monday,67,55,12
2016-04-11 20:00:00,Monday,44,39,5
2016-04-11 21:00:00,Monday,32,29,3
2016-04-11 22:00:00,Monday,14,10,4
2016-04-11 23:00:00,Monday,10,10,0
2016-04-12 00:00:00,Tuesday,5,3,2
2016-04-12 01:00:00,Tuesday,1,1,0
2016-04-12 02:00:00,Tuesday,1,0,1
2016-04-12 03:00:00,Tuesday,0,0,0
2016-04-12 04:00:00,Tuesday,1,0,1
2016-04-12 05:00:00,Tuesday,10,0,10
2016-04-12 06:00:00,Tuesday,37,3,34
2016-04-12 07:00:00,Tuesday,88,8,80
2016-04-12 08:00:00,Tuesday,209,17,192
2016-04-12 09:00:00,Tuesday,141,12,129
2016-04-12 10:00:00,Tuesday,39,8,31
2016-04-12 11:00:00,Tuesday,22,4,18
2016-04-12 12:00:00,Tuesday,20,7,13
2016-04-12 13:00:00,Tuesday,14,6,8
2016-04-12 14:00:00,Tuesday,26,12,14
2016-04-12 15:00:00,Tuesday,31,16,15
2016-04-12 16:00:00,Tuesday,54,38,16
2016-04-12 17:00:00,Tuesday,168,133,35
2016-04-12 18:00:00,Tuesday,131,104,27
2016-04-12 19:00:00,Tuesday,84,60,24
2016-04-12 20:00:00,Tuesday,43,33,10
2016-04-12 21:00:00,Tuesday,31,25,6
2016-04-12 22:00:00,Tuesday,9,8,1
2016-04-12 23:00:00,Tuesday,15,13,2
2016-04-13 00:00:00,Wednesday,4,4,0
2016-04-13 01:00:00,Wednesday,3,3,0
2016-04-13 02:00:00,Wednesday,0,0,0
2016-04-13 03:00:00,Wednesday,0,0,0
2016-04-13 04:00:00,Wednesday,3,0,3
2016-04-13 05:00:00,Wednesday,6,1,5
2016-04-13 06:00:00,Wednesday,40,2,38
2016-04-13 07:00:00,Wednesday,104,8,96
2016-04-13 08:00:00,Wednesday,271,25,246
2016-04-13 09:00:00,Wednesday,176,15,161
2016-04-13 10:00:00,Wednesday,89,16,73
2016-04-13 11:00:00,Wednesday,55,15,40
2016-04-13 12:00:00,Wednesday,42,17,25
2016-04-13 13:00:00,Wednesday,50,22,28
2016-04-13 14:00:00,Wednesday,53,22,31
2016-04-13 15:00:00,Wednesday,63,27,36
2016-04-13 16:00:00,Wednesday,86,58,28
2016-04-13 17:00:00,Wednesday,195,161,34
2016-04-13 18:00:00,Wednesday,172,132,40
2016-04-13 19:00:00,Wednesday,102,84,18
2016-04-13 20:00:00,Wednesday,44,36,8
2016-04-13 21:00:00,Wednesday,39,28,11
2016-04-13 22:00:00,Wednesday,24,19,5
2016-04-13 23:00:00,Wednesday,20,15,5
2016-04-14 00:00:00,Thursday,6,4,2
2016-04-14 01:00:00,Thursday,3,3,0
2016-04-14 02:00:00,Thursday,3,3,0
2016-04-14 03:00:00,Thursday,1,1,0
2016-04-14 04:00:00,Thursday,0,0,0
2016-04-14 05:00:00,Thursday,4,0,4
2016-04-14 06:00:00,Thursday,41,7,34
2016-04-14 07:00:00,Thursday,115,9,106
2016-04-14 08:00:00,Thursday,266,19,247
2016-04-14 09:00:00,Thursday,197,25,172
2016-04-14 10:00:00,Thursday,80,17,63
2016-04-14 11:00:00,Thursday,54,12,42
2016-04-14 12:00:00,Thursday,52,12,40
2016-04-14 13:00:00,Thursday,42,21,21
2016-04-14 14:00:00,Thursday,53,17,36
2016-04-14 15:00:00,Thursday,59,34,25
2016-04-14 16:00:00,Thursday,97,64,33
2016-04-14 17:00:00,Thursday,195,150,45
2016-04-14 18:00:00,Thursday,185,142,43
2016-04-14 19:00:00,Thursday,94,74,20
2016-04-14 20:00:00,Thursday,56,50,6
2016-04-14 21:00:00,Thursday,30,23,7
2016-04-14 22:00:00,Thursday,15,11,4
2016-04-14 23:00:00,Thursday,15,13,2
2016-04-15 00:00:00,Friday,9,9,0
2016-04-15 01:00:00,Friday,2,2,0
2016-04-15 02:00:00,Friday,4,2,2
2016-04-15 03:00:00,Friday,1,1,0
2016-04-15 04:00:00,Friday,2,0,2
2016-04-15 05:00:00,Friday,3,0,3
2016-04-15 06:00:00,Friday,35,4,31
2016-04-15 07:00:00,Friday,91,9,82
2016-04-15 08:00:00,Friday,242,18,224
2016-04-15 09:00:00,Friday,154,10,144
2016-04-15 10:00:00,Friday,80,23,57
2016-04-15 11:00:00,Friday,42,10,32
2016-04-15 12:00:00,Friday,47,9,38
2016-04-15 13:00:00,Friday,38,13,25
2016-04-15 14:00:00,Friday,58,29,29
2016-04-15 15:00:00,Friday,85,51,34
2016-04-15 16:00:00,Friday,96,74,22
2016-04-15 17:00:00,Friday,172,133,39
2016-04-15 18:00:00,Friday,134,110,24
2016-04-15 19:00:00,Friday,57,38,19
2016-04-15 20:00:00,Friday,39,31,8
2016-04-15 21:00:00,Friday,20,15,5
2016-04-15 22:00:00,Friday,18,12,6
2016-04-15 23:00:00,Friday,19,14,5
2016-04-16 00:00:00,Saturday,7,6,1
2016-04-16 01:00:00,Saturday,3,3,0
2016-04-16 02:00:00,Saturday,5,4,1
2016-04-16 03:00:00,Saturday,2,2,0
2016-04-16 04:00:00,Saturday,0,0,0
2016-04-16 05:00:00,Saturday,2,0,2
2016-04-16 06:00:00,Saturday,7,0,7
2016-04-16 07:00:00,Saturday,33,2,31
2016-04-16 08:00:00,Saturday,20,3,17
2016-04-16 09:00:00,Saturday,28,12,16
2016-04-16 10:00:00,Saturday,30,13,17
2016-04-16 11:00:00,Saturday,36,12,24
2016-04-16 12:00:00,Saturday,38,20,18
2016-04-16 13:00:00,Saturday,29,3,26
2016-04-16 14:00:00,Saturday,48,15,33
2016-04-16 15:00:00,Saturday,37,15,22
2016-04-16 16:00:00,Saturday,34,16,18
2016-04-16 17:00:00,Saturday,42,23,19
2016-04-16 18:00:00,Saturday,34,16,18
2016-04-16 19:00:00,Saturday,36,22,14
2016-04-16 20:00:00,Saturday,17,7,10
2016-04-16 21:00:00,Saturday,19,11,8
2016-04-16 22:00:00,Saturday,20,16,4
2016-04-16 23:00:00,Saturday,16,10,6
2016-04-17 00:00:00,Sunday,5,1,4
2016-04-17 01:00:00,Sunday,5,5,0
2016-04-17 02:00:00,Sunday,4,4,0
2016-04-17 03:00:00,Sunday,3,2,1
2016-04-17 04:00:00,Sunday,0,0,0
2016-04-17 05:00:00,Sunday,1,0,1
2016-04-17 06:00:00,Sunday,6,0,6
2016-04-17 07:00:00,Sunday,5,2,3
2016-04-17 08:00:00,Sunday,8,1,7
2016-04-17 09:00:00,Sunday,23,6,17
2016-04-17 10:00:00,Sunday,30,10,20
2016-04-17 11:00:00,Sunday,35,8,27
2016-04-17 12:00:00,Sunday,42,11,31
2016-04-17 13:00:00,Sunday,52,22,30
2016-04-17 14:00:00,Sunday,50,18,32
2016-04-17 15:00:00,Sunday,64,37,27
2016-04-17 16:00:00,Sunday,57,21,36
2016-04-17 17:00:00,Sunday,53,31,22
2016-04-17 18:00:00,Sunday,45,30,15
2016-04-17 19:00:00,Sunday,35,13,22
2016-04-17 20:00:00,Sunday,63,15,48
2016-04-17 21:00:00,Sunday,26,13,13
2016-04-17 22:00:00,Sunday,11,7,4
2016-04-17 23:00:00,Sunday,13,8,5
2016-04-18 00:00:00,Monday,5,1,4
2016-04-18 01:00:00,Monday,0,0,0
2016-04-18 02:00:00,Monday,16,15,1
2016-04-18 03:00:00,Monday,16,14,2
2016-04-18 04:00:00,Monday,11,10,1
2016-04-18 05:00:00,Monday,5,0,5
2016-04-18 06:00:00,Monday,31,4,27
2016-04-18 07:00:00,Monday,97,8,89
2016-04-18 08:00:00,Monday,155,11,144
2016-04-18 09:00:00,Monday,105,14,91
2016-04-18 10:00:00,Monday,76,18,58
2016-04-18 11:00:00,Monday,52,13,39
2016-04-18 12:00:00,Monday,63,23,40
2016-04-18 13:00:00,Monday,55,20,35
2016-04-18 14:00:00,Monday,54,21,33
2016-04-18 15:00:00,Monday,60,32,28
2016-04-18 16:00:00,Monday,94,64,30
2016-04-18 17:00:00,Monday,147,119,28
2016-04-18 18:00:00,Monday,112,88,24
2016-04-18 19:00:00,Monday,69,57,12
2016-04-18 20:00:00,Monday,45,37,8
2016-04-18 21:00:00,Monday,31,17,14
2016-04-18 22:00:00,Monday,13,9,4
2016-04-18 23:00:00,Monday,10,4,6
2016-04-19 00:00:00,Tuesday,10,8,2
2016-04-19 01:00:00,Tuesday,2,0,2
2016-04-19 02:00:00,Tuesday,1,1,0
2016-04-19 03:00:00,Tuesday,1,1,0
2016-04-19 04:00:00,Tuesday,4,0,4
2016-04-19 05:00:00,Tuesday,5,0,5
2016-04-19 06:00:00,Tuesday,25,1,24
2016-04-19 07:00:00,Tuesday,104,5,99
2016-04-19 08:00:00,Tuesday,232,13,219
2016-04-19 09:00:00,Tuesday,166,23,143
2016-04-19 10:00:00,Tuesday,74,15,59
2016-04-19 11:00:00,Tuesday,52,9,43
2016-04-19 12:00:00,Tuesday,45,10,35
2016-04-19 13:00:00,Tuesday,50,19,31
2016-04-19 14:00:00,Tuesday,26,12,14
2016-04-19 15:00:00,Tuesday,45,23,22
2016-04-19 16:00:00,Tuesday,78,59,19
2016-04-19 17:00:00,Tuesday,168,143,25
2016-04-19 18:00:00,Tuesday,177,141,36
2016-04-19 19:00:00,Tuesday,86,67,19
2016-04-19 20:00:00,Tuesday,43,35,8
2016-04-19 21:00:00,Tuesday,34,26,8
2016-04-19 22:00:00,Tuesday,18,15,3
2016-04-19 23:00:00,Tuesday,18,9,9
2016-04-20 00:00:00,Wednesday,12,8,4
2016-04-20 01:00:00,Wednesday,2,1,1
2016-04-20 02:00:00,Wednesday,0,0,0
2016-04-20 03:00:00,Wednesday,0,0,0
2016-04-20 04:00:00,Wednesday,0,0,0
2016-04-20 05:00:00,Wednesday,14,3,11
2016-04-20 06:00:00,Wednesday,50,3,47
2016-04-20 07:00:00,Wednesday,111,5,106
2016-04-20 08:00:00,Wednesday,276,21,255
2016-04-20 09:00:00,Wednesday,189,22,167
2016-04-20 10:00:00,Wednesday,92,11,81
2016-04-20 11:00:00,Wednesday,46,13,33
2016-04-20 12:00:00,Wednesday,50,20,30
2016-04-20 13:00:00,Wednesday,41,10,31
2016-04-20 14:00:00,Wednesday,46,23,23
2016-04-20 15:00:00,Wednesday,50,30,20
2016-04-20 16:00:00,Wednesday,108,77,31
2016-04-20 17:00:00,Wednesday,209,160,49
2016-04-20 18:00:00,Wednesday,170,139,31
2016-04-20 19:00:00,Wednesday,105,83,22
2016-04-20 20:00:00,Wednesday,49,41,8
2016-04-20 21:00:00,Wednesday,35,26,9
2016-04-20 22:00:00,Wednesday,25,13,12
2016-04-20 23:00:00,Wednesday,22,15,7
2016-04-21 00:00:00,Thursday,9,3,6
2016-04-21 01:00:00,Thursday,1,1,0
2016-04-21 02:00:00,Thursday,1,1,0
2016-04-21 03:00:00,Thursday,0,0,0
2016-04-21 04:00:00,Thursday,1,0,1
2016-04-21 05:00:00,Thursday,7,0,7
2016-04-21 06:00:00,Thursday,48,5,43
2016-04-21 07:00:00,Thursday,117,11,106
2016-04-21 08:00:00,Thursday,315,17,298
2016-04-21 09:00:00,Thursday,215,21,194
2016-04-21 10:00:00,Thursday,81,20,61
2016-04-21 11:00:00,Thursday,65,12,53
2016-04-21 12:00:00,Thursday,54,12,42
2016-04-21 13:00:00,Thursday,60,21,39
2016-04-21 14:00:00,Thursday,62,20,42
2016-04-21 15:00:00,Thursday,60,34,26
2016-04-21 16:00:00,Thursday,98,67,31
2016-04-21 17:00:00,Thursday,220,179,41
2016-04-21 18:00:00,Thursday,219,159,60
2016-04-21 19:00:00,Thursday,126,94,32
2016-04-21 20:00:00,Thursday,66,52,14
2016-04-21 21:00:00,Thursday,44,40,4
2016-04-21 22:00:00,Thursday,26,23,3
2016-04-21 23:00:00,Thursday,18,14,4
2016-04-22 00:00:00,Friday,8,7,1
2016-04-22 01:00:00,Friday,4,3,1
2016-04-22 02:00:00,Friday,2,2,0
2016-04-22 03:00:00,Friday,1,1,0
2016-04-22 04:00:00,Friday,2,0,2
2016-04-22 05:00:00,Friday,7,1,6
2016-04-22 06:00:00,Friday,37,5,32
2016-04-22 07:00:00,Friday,96,11,85
2016-04-22 08:00:00,Friday,267,25,242
2016-04-22 09:00:00,Friday,159,23,136
2016-04-22 10:00:00,Friday,89,24,65
2016-04-22 11:00:00,Friday,58,13,45
2016-04-22 12:00:00,Friday,53,25,28
2016-04-22 13:00:00,Friday,63,28,35
2016-04-22 14:00:00,Friday,58,24,34
2016-04-22 15:00:00,Friday,64,34,30
2016-04-22 16:00:00,Friday,120,93,27
2016-04-22 17:00:00,Friday,161,126,35
2016-04-22 18:00:00,Friday,128,99,29
2016-04-22 19:00:00,Friday,55,38,17
2016-04-22 20:00:00,Friday,28,22,6
2016-04-22 21:00:00,Friday,29,24,5
2016-04-22 22:00:00,Friday,22,17,5
2016-04-22 23:00:00,Friday,15,13,2
2016-04-23 00:00:00,Saturday,5,4,1
2016-04-23 01:00:00,Saturday,4,1,3
2016-04-23 02:00:00,Saturday,3,3,0
2016-04-23 03:00:00,Saturday,0,0,0
2016-04-23 04:00:00,Saturday,0,0,0
2016-04-23 05:00:00,Saturday,1,1,0
2016-04-23 06:00:00,Saturday,1,0,1
2016-04-23 07:00:00,Saturday,8,0,8
2016-04-23 08:00:00,Saturday,16,1,15
2016-04-23 09:00:00,Saturday,29,6,23
2016-04-23 10:00:00,Saturday,28,7,21
2016-04-23 11:00:00,Saturday,22,9,13
2016-04-23 12:00:00,Saturday,36,15,21
2016-04-23 13:00:00,Saturday,29,13,16
2016-04-23 14:00:00,Saturday,46,15,31
2016-04-23 15:00:00,Saturday,51,14,37
2016-04-23 16:00:00,Saturday,55,17,38
2016-04-23 17:00:00,Saturday,31,18,13
2016-04-23 18:00:00,Saturday,42,20,22
2016-04-23 19:00:00,Saturday,36,21,15
2016-04-23 20:00:00,Saturday,18,10,8
2016-04-23 21:00:00,Saturday,14,10,4
2016-04-23 22:00:00,Saturday,14,6,8
2016-04-23 23:00:00,Saturday,10,7,3
2016-04-24 00:00:00,Sunday,2,2,0
2016-04-24 01:00:00,Sunday,7,6,1
2016-04-24 02:00:00,Sunday,7,4,3
2016-04-24 03:00:00,Sunday,2,2,0
2016-04-24 04:00:00,Sunday,1,1,0
2016-04-24 05:00:00,Sunday,4,0,4
2016-04-24 06:00:00,Sunday,3,0,3
2016-04-24 07:00:00,Sunday,7,2,5
2016-04-24 08:00:00,Sunday,18,7,11
2016-04-24 09:00:00,Sunday,22,4,18
2016-04-24 10:00:00,Sunday,42,12,30
2016-04-24 11:00:00,Sunday,43,12,31
2016-04-24 12:00:00,Sunday,46,16,30
2016-04-24 13:00:00,Sunday,56,14,42
2016-04-24 14:00:00,Sunday,48,10,38
2016-04-24 15:00:00,Sunday,48,12,36
2016-04-24 16:00:00,Sunday,60,25,35
2016-04-24 17:00:00,Sunday,50,27,23
2016-04-24 18:00:00,Sunday,39,25,14
2016-04-24 19:00:00,Sunday,26,15,11
2016-04-24 20:00:00,Sunday,17,10,7
2016-04-24 21:00:00,Sunday,11,8,3
2016-04-24 22:00:00,Sunday,15,11,4
2016-04-24 23:00:00,Sunday,7,5,2
2016-04-25 00:00:00,Monday,6,3,3
2016-04-25 01:00:00,Monday,1,1,0
2016-04-25 02:00:00,Monday,2,0,2
2016-04-25 03:00:00,Monday,0,0,0
2016-04-25 04:00:00,Monday,1,0,1
2016-04-25 05:00:00,Monday,2,0,2
2016-04-25 06:00:00,Monday,47,5,42
2016-04-25 07:00:00,Monday,121,3,118
2016-04-25 08:00:00,Monday,323,30,293
2016-04-25 09:00:00,Monday,183,21,162
2016-04-25 10:00:00,Monday,87,12,75
2016-04-25 11:00:00,Monday,43,13,30
2016-04-25 12:00:00,Monday,47,15,32
2016-04-25 13:00:00,Monday,44,18,26
2016-04-25 14:00:00,Monday,59,25,34
2016-04-25 15:00:00,Monday,45,28,17
2016-04-25 16:00:00,Monday,102,72,30
2016-04-25 17:00:00,Monday,221,180,41
2016-04-25 18:00:00,Monday,200,156,44
2016-04-25 19:00:00,Monday,116,94,22
2016-04-25 20:00:00,Monday,64,52,12
2016-04-25 21:00:00,Monday,28,20,8
2016-04-25 22:00:00,Monday,15,10,5
2016-04-25 23:00:00,Monday,17,15,2
2016-04-26 00:00:00,Tuesday,12,7,5
2016-04-26 01:00:00,Tuesday,1,0,1
2016-04-26 02:00:00,Tuesday,0,0,0
2016-04-26 03:00:00,Tuesday,0,0,0
2016-04-26 04:00:00,Tuesday,3,1,2
2016-04-26 05:00:00,Tuesday,6,0,6
2016-04-26 06:00:00,Tuesday,32,0,32
2016-04-26 07:00:00,Tuesday,80,9,71
2016-04-26 08:00:00,Tuesday,167,17,150
2016-04-26 09:00:00,Tuesday,137,15,122
2016-04-26 10:00:00,Tuesday,39,5,34
2016-04-26 11:00:00,Tuesday,23,8,15
2016-04-26 12:00:00,Tuesday,16,6,10
2016-04-26 13:00:00,Tuesday,13,7,6
2016-04-26 14:00:00,Tuesday,17,8,9
2016-04-26 15:00:00,Tuesday,21,10,11
2016-04-26 16:00:00,Tuesday,52,34,18
2016-04-26 17:00:00,Tuesday,120,100,20
2016-04-26 18:00:00,Tuesday,123,96,27
2016-04-26 19:00:00,Tuesday,75,64,11
2016-04-26 20:00:00,Tuesday,44,37,7
2016-04-26 21:00:00,Tuesday,28,19,9
2016-04-26 22:00:00,Tuesday,18,17,1
2016-04-26 23:00:00,Tuesday,13,9,4
2016-04-27 00:00:00,Wednesday,5,5,0
2016-04-27 01:00:00,Wednesday,0,0,0
2016-04-27 02:00:00,Wednesday,1,1,0
2016-04-27 03:00:00,Wednesday,0,0,0
2016-04-27 04:00:00,Wednesday,3,0,3
2016-04-27 05:00:00,Wednesday,8,1,7
2016-04-27 06:00:00,Wednesday,37,6,31
2016-04-27 07:00:00,Wednesday,120,12,108
2016-04-27 08:00:00,Wednesday,306,25,281
2016-04-27 09:00:00,Wednesday,200,19,181
2016-04-27 10:00:00,Wednesday,109,24,85
2016-04-27 11:00:00,Wednesday,71,23,48
2016-04-27 12:00:00,Wednesday,50,15,35
2016-04-27 13:00:00,Wednesday,52,20,32
2016-04-27 14:00:00,Wednesday,45,23,22
2016-04-27 15:00:00,Wednesday,63,30,33
2016-04-27 16:00:00,Wednesday,107,73,34
2016-04-27 17:00:00,Wednesday,245,188,57
2016-04-27 18:00:00,Wednesday,205,160,45
2016-04-27 19:00:00,Wednesday,120,96,24
2016-04-27 20:00:00,Wednesday,53,48,5
2016-04-27 21:00:00,Wednesday,36,28,8
2016-04-27 22:00:00,Wednesday,21,13,8
2016-04-27 23:00:00,Wednesday,14,9,5
2016-04-28 00:00:00,Thursday,10,6,4
2016-04-28 01:00:00,Thursday,3,2,1
2016-04-28 02:00:00,Thursday,3,2,1
2016-04-28 03:00:00,Thursday,0,0,0
2016-04-28 04:00:00,Thursday,0,0,0
2016-04-28 05:00:00,Thursday,3,0,3
2016-04-28 06:00:00,Thursday,40,4,36
2016-04-28 07:00:00,Thursday,112,7,105
2016-04-28 08:00:00,Thursday,296,27,269
2016-04-28 09:00:00,Thursday,174,17,157
2016-04-28 10:00:00,Thursday,99,18,81
2016-04-28 11:00:00,Thursday,68,11,57
2016-04-28 12:00:00,Thursday,67,20,47
2016-04-28 13:00:00,Thursday,55,21,34
2016-04-28 14:00:00,Thursday,56,25,31
2016-04-28 15:00:00,Thursday,64,49,15
2016-04-28 16:00:00,Thursday,117,74,43
2016-04-28 17:00:00,Thursday,234,187,47
2016-04-28 18:00:00,Thursday,187,136,51
2016-04-28 19:00:00,Thursday,114,89,25
2016-04-28 20:00:00,Thursday,57,46,11
2016-04-28 21:00:00,Thursday,35,26,9
2016-04-28 22:00:00,Thursday,16,13,3
2016-04-28 23:00:00,Thursday,21,17,4
2016-04-29 00:00:00,Friday,10,3,7
2016-04-29 01:00:00,Friday,2,2,0
2016-04-29 02:00:00,Friday,1,1,0
2016-04-29 03:00:00,Friday,0,0,0
2016-04-29 04:00:00,Friday,1,1,0
2016-04-29 05:00:00,Friday,8,0,8
2016-04-29 06:00:00,Friday,30,2,28
2016-04-29 07:00:00,Friday,119,11,108
2016-04-29 08:00:00,Friday,265,23,242
2016-04-29 09:00:00,Friday,153,15,138
2016-04-29 10:00:00,Friday,83,14,69
2016-04-29 11:00:00,Friday,60,11,49
2016-04-29 12:00:00,Friday,55,21,34
2016-04-29 13:00:00,Friday,60,28,32
2016-04-29 14:00:00,Friday,64,41,23
2016-04-29 15:00:00,Friday,66,40,26
2016-04-29 16:00:00,Friday,119,82,37
2016-04-29 17:00:00,Friday,209,170,39
2016-04-29 18:00:00,Friday,152,119,33
2016-04-29 19:00:00,Friday,80,62,18
2016-04-29 20:00:00,Friday,49,39,10
2016-04-29 21:00:00,Friday,25,18,7
2016-04-29 22:00:00,Friday,18,12,6
2016-04-29 23:00:00,Friday,16,14,2
2016-04-30 00:00:00,Saturday,9,7,2
2016-04-30 01:00:00,Saturday,8,7,1
2016-04-30 02:00:00,Saturday,6,4,2
2016-04-30 03:00:00,Saturday,1,0,1
2016-04-30 04:00:00,Saturday,1,0,1
2016-04-30 05:00:00,Saturday,2,0,2
2016-04-30 06:00:00,Saturday,5,3,2
2016-04-30 07:00:00,Saturday,11,3,8
2016-04-30 08:00:00,Saturday,19,3,16
2016-04-30 09:00:00,Saturday,36,6,30
2016-04-30 10:00:00,Saturday,26,4,22
2016-04-30 11:00:00,Saturday,46,18,28
2016-04-30 12:00:00,Saturday,53,19,34
2016-04-30 13:00:00,Saturday,63,23,40
2016-04-30 14:00:00,Saturday,58,21,37
2016-04-30 15:00:00,Saturday,55,27,28
2016-04-30 16:00:00,Saturday,62,31,31
2016-04-30 17:00:00,Saturday,58,26,32
2016-04-30 18:00:00,Saturday,39,15,24
2016-04-30 19:00:00,Saturday,32,13,19
2016-04-30 20:00:00,Saturday,14,10,4
2016-04-30 21:00:00,Saturday,18,13,5
2016-04-30 22:00:00,Saturday,15,7,8
2016-04-30 23:00:00,Saturday,10,6,4
2016-05-01 00:00:00,Sunday,4,4,0
2016-05-01 01:00:00,Sunday,6,5,1
2016-05-01 02:00:00,Sunday,4,4,0
2016-05-01 03:00:00,Sunday,1,1,0
2016-05-01 04:00:00,Sunday,0,0,0
2016-05-01 05:00:00,Sunday,1,0,1
2016-05-01 06:00:00,Sunday,2,1,1
2016-05-01 07:00:00,Sunday,7,2,5
2016-05-01 08:00:00,Sunday,15,3,12
2016-05-01 09:00:00,Sunday,27,4,23
2016-05-01 10:00:00,Sunday,21,3,18
2016-05-01 11:00:00,Sunday,29,9,20
2016-05-01 12:00:00,Sunday,19,7,12
2016-05-01 13:00:00,Sunday,24,13,11
2016-05-01 14:00:00,Sunday,20,8,12
2016-05-01 15:00:00,Sunday,30,14,16
2016-05-01 16:00:00,Sunday,35,13,22
2016-05-01 17:00:00,Sunday,25,14,11
2016-05-01 18:00:00,Sunday,20,13,7
2016-05-01 19:00:00,Sunday,10,4,6
2016-05-01 20:00:00,Sunday,5,3,2
2016-05-01 21:00:00,Sunday,4,1,3
2016-05-01 22:00:00,Sunday,6,2,4
2016-05-01 23:00:00,Sunday,5,3,2
2016-05-02 00:00:00,Monday,4,3,1
2016-05-02 01:00:00,Monday,2,2,0
2016-05-02 02:00:00,Monday,0,0,0
2016-05-02 03:00:00,Monday,0,0,0
2016-05-02 04:00:00,Monday,2,1,1
2016-05-02 05:00:00,Monday,3,0,3
2016-05-02 06:00:00,Monday,23,2,21
2016-05-02 07:00:00,Monday,77,7,70
2016-05-02 08:00:00,Monday,193,14,179
2016-05-02 09:00:00,Monday,139,15,124
2016-05-02 10:00:00,Monday,56,8,48
2016-05-02 11:00:00,Monday,29,5,24
2016-05-02 12:00:00,Monday,22,6,16
2016-05-02 13:00:00,Monday,16,3,13
2016-05-02 14:00:00,Monday,22,6,16
2016-05-02 15:00:00,Monday,28,16,12
2016-05-02 16:00:00,Monday,54,40,14
2016-05-02 17:00:00,Monday,128,102,26
2016-05-02 18:00:00,Monday,113,89,24
2016-05-02 19:00:00,Monday,65,53,12
2016-05-02 20:00:00,Monday,44,36,8
2016-05-02 21:00:00,Monday,18,13,5
2016-05-02 22:00:00,Monday,11,8,3
2016-05-02 23:00:00,Monday,4,2,2
2016-05-03 00:00:00,Tuesday,3,3,0
2016-05-03 01:00:00,Tuesday,2,1,1
2016-05-03 02:00:00,Tuesday,0,0,0
2016-05-03 03:00:00,Tuesday,0,0,0
2016-05-03 04:00:00,Tuesday,3,0,3
2016-05-03 05:00:00,Tuesday,3,0,3
2016-05-03 06:00:00,Tuesday,19,0,19
2016-05-03 07:00:00,Tuesday,41,4,37
2016-05-03 08:00:00,Tuesday,135,11,124
2016-05-03 09:00:00,Tuesday,110,11,99
2016-05-03 10:00:00,Tuesday,51,9,42
2016-05-03 11:00:00,Tuesday,29,4,25
2016-05-03 12:00:00,Tuesday,33,5,28
2016-05-03 13:00:00,Tuesday,17,8,9
2016-05-03 14:00:00,Tuesday,24,5,19
2016-05-03 15:00:00,Tuesday,27,12,15
2016-05-03 16:00:00,Tuesday,66,37,29
2016-05-03 17:00:00,Tuesday,103,81,22
2016-05-03 18:00:00,Tuesday,111,86,25
2016-05-03 19:00:00,Tuesday,62,41,21
2016-05-03 20:00:00,Tuesday,40,29,11
2016-05-03 21:00:00,Tuesday,23,19,4
2016-05-03 22:00:00,Tuesday,14,13,1
2016-05-03 23:00:00,Tuesday,7,7,0
2016-05-04 00:00:00,Wednesday,5,4,1
2016-05-04 01:00:00,Wednesday,2,2,0
2016-05-04 02:00:00,Wednesday,0,0,0
2016-05-04 03:00:00,Wednesday,1,0,1
2016-05-04 04:00:00,Wednesday,3,2,1
2016-05-04 05:00:00,Wednesday,2,0,2
2016-05-04 06:00:00,Wednesday,37,4,33
2016-05-04 07:00:00,Wednesday,99,6,93
2016-05-04 08:00:00,Wednesday,242,23,219
2016-05-04 09:00:00,Wednesday,159,16,143
2016-05-04 10:00:00,Wednesday,76,11,65
2016-05-04 11:00:00,Wednesday,52,14,38
2016-05-04 12:00:00,Wednesday,45,12,33
2016-05-04 13:00:00,Wednesday,34,16,18
2016-05-04 14:00:00,Wednesday,42,21,21
2016-05-04 15:00:00,Wednesday,40,23,17
2016-05-04 16:00:00,Wednesday,85,63,22
2016-05-04 17:00:00,Wednesday,162,138,24
2016-05-04 18:00:00,Wednesday,108,85,23
2016-05-04 19:00:00,Wednesday,54,47,7
2016-05-04 20:00:00,Wednesday,33,29,4
2016-05-04 21:00:00,Wednesday,19,14,5
2016-05-04 22:00:00,Wednesday,11,7,4
2016-05-04 23:00:00,Wednesday,9,7,2
2016-05-05 00:00:00,Thursday,2,2,0
2016-05-05 01:00:00,Thursday,2,1,1
2016-05-05 02:00:00,Thursday,0,0,0
2016-05-05 03:00:00,Thursday,1,0,1
2016-05-05 04:00:00,Thursday,5,3,2
2016-05-05 05:00:00,Thursday,3,1,2
2016-05-05 06:00:00,Thursday,15,3,12
2016-05-05 07:00:00,Thursday,68,8,60
2016-05-05 08:00:00,Thursday,162,12,150
2016-05-05 09:00:00,Thursday,103,10,93
2016-05-05 10:00:00,Thursday,47,9,38
2016-05-05 11:00:00,Thursday,33,5,28
2016-05-05 12:00:00,Thursday,34,12,22
2016-05-05 13:00:00,Thursday,33,12,21
2016-05-05 14:00:00,Thursday,35,11,24
2016-05-05 15:00:00,Thursday,41,25,16
2016-05-05 16:00:00,Thursday,68,44,24
2016-05-05 17:00:00,Thursday,116,89,27
2016-05-05 18:00:00,Thursday,100,76,24
2016-05-05 19:00:00,Thursday,59,48,11
2016-05-05 20:00:00,Thursday,36,30,6
2016-05-05 21:00:00,Thursday,17,14,3
2016-05-05 22:00:00,Thursday,9,8,1
2016-05-05 23:00:00,Thursday,8,5,3
2016-05-06 00:00:00,Friday,6,3,3
2016-05-06 01:00:00,Friday,5,4,1
2016-05-06 02:00:00,Friday,2,2,0
2016-05-06 03:00:00,Friday,0,0,0
2016-05-06 04:00:00,Friday,2,0,2
2016-05-06 05:00:00,Friday,5,1,4
2016-05-06 06:00:00,Friday,30,3,27
2016-05-06 07:00:00,Friday,80,3,77
2016-05-06 08:00:00,Friday,230,18,212
2016-05-06 09:00:00,Friday,136,13,123
2016-05-06 10:00:00,Friday,82,18,64
2016-05-06 11:00:00,Friday,55,15,40
2016-05-06 12:00:00,Friday,41,15,26
2016-05-06 13:00:00,Friday,40,18,22
2016-05-06 14:00:00,Friday,52,27,25
2016-05-06 15:00:00,Friday,48,29,19
2016-05-06 16:00:00,Friday,97,67,30
2016-05-06 17:00:00,Friday,160,126,34
2016-05-06 18:00:00,Friday,105,80,25
2016-05-06 19:00:00,Friday,91,65,26
2016-05-06 20:00:00,Friday,49,34,15
2016-05-06 21:00:00,Friday,25,21,4
2016-05-06 22:00:00,Friday,14,7,7
2016-05-06 23:00:00,Friday,7,6,1
2016-05-07 00:00:00,Saturday,9,8,1
2016-05-07 01:00:00,Saturday,2,2,0
2016-05-07 02:00:00,Saturday,2,2,0
2016-05-07 03:00:00,Saturday,0,0,0
2016-05-07 04:00:00,Saturday,4,2,2
2016-05-07 05:00:00,Saturday,1,0,1
2016-05-07 06:00:00,Saturday,3,0,3
2016-05-07 07:00:00,Saturday,14,1,13
2016-05-07 08:00:00,Saturday,18,3,15
2016-05-07 09:00:00,Saturday,23,4,19
2016-05-07 10:00:00,Saturday,20,3,17
2016-05-07 11:00:00,Saturday,32,13,19
2016-05-07 12:00:00,Saturday,36,11,25
2016-05-07 13:00:00,Saturday,37,9,28
2016-05-07 14:00:00,Saturday,38,10,28
2016-05-07 15:00:00,Saturday,39,20,19
2016-05-07 16:00:00,Saturday,29,16,13
2016-05-07 17:00:00,Saturday,32,16,16
2016-05-07 18:00:00,Saturday,29,13,16
2016-05-07 19:00:00,Saturday,19,4,15
2016-05-07 20:00:00,Saturday,24,15,9
2016-05-07 21:00:00,Saturday,6,3,3
2016-05-07 22:00:00,Saturday,13,7,6
2016-05-07 23:00:00,Saturday,15,10,5
2016-05-08 00:00:00,Sunday,6,5,1
2016-05-08 01:00:00,Sunday,2,1,1
2016-05-08 02:00:00,Sunday,3,1,2
2016-05-08 03:00:00,Sunday,2,2,0
2016-05-08 04:00:00,Sunday,1,0,1
2016-05-08 05:00:00,Sunday,8,1,7
2016-05-08 06:00:00,Sunday,4,2,2
2016-05-08 07:00:00,Sunday,2,1,1
2016-05-08 08:00:00,Sunday,13,1,12
2016-05-08 09:00:00,Sunday,20,1,19
2016-05-08 10:00:00,Sunday,22,5,17
2016-05-08 11:00:00,Sunday,15,6,9
2016-05-08 12:00:00,Sunday,16,10,6
2016-05-08 13:00:00,Sunday,17,9,8
2016-05-08 14:00:00,Sunday,26,10,16
2016-05-08 15:00:00,Sunday,21,9,12
2016-05-08 16:00:00,Sunday,23,6,17
2016-05-08 17:00:00,Sunday,22,10,12
2016-05-08 18:00:00,Sunday,27,17,10
2016-05-08 19:00:00,Sunday,28,11,17
2016-05-08 20:00:00,Sunday,17,9,8
2016-05-08 21:00:00,Sunday,7,5,2
2016-05-08 22:00:00,Sunday,10,6,4
2016-05-08 23:00:00,Sunday,5,3,2
2016-05-09 00:00:00,Monday,5,3,2
2016-05-09 01:00:00,Monday,1,0,1
2016-05-09 02:00:00,Monday,1,1,0
2016-05-09 03:00:00,Monday,0,0,0
2016-05-09 04:00:00,Monday,0,0,0
2016-05-09 05:00:00,Monday,3,0,3
2016-05-09 06:00:00,Monday,45,3,42
2016-05-09 07:00:00,Monday,127,10,117
2016-05-09 08:00:00,Monday,317,22,295
2016-05-09 09:00:00,Monday,192,19,173
2016-05-09 10:00:00,Monday,71,8,63
2016-05-09 11:00:00,Monday,59,15,44
2016-05-09 12:00:00,Monday,56,19,37
2016-05-09 13:00:00,Monday,41,13,28
2016-05-09 14:00:00,Monday,39,21,18
2016-05-09 15:00:00,Monday,47,29,18
2016-05-09 16:00:00,Monday,120,88,32
2016-05-09 17:00:00,Monday,245,196,49
2016-05-09 18:00:00,Monday,208,156,52
2016-05-09 19:00:00,Monday,111,93,18
2016-05-09 20:00:00,Monday,68,53,15
2016-05-09 21:00:00,Monday,35,28,7
2016-05-09 22:00:00,Monday,22,15,7
2016-05-09 23:00:00,Monday,8,5,3
2016-05-10 00:00:00,Tuesday,6,5,1
2016-05-10 01:00:00,Tuesday,2,2,0
2016-05-10 02:00:00,Tuesday,0,0,0
2016-05-10 03:00:00,Tuesday,2,1,1
2016-05-10 04:00:00,Tuesday,2,0,2
2016-05-10 05:00:00,Tuesday,8,1,7
2016-05-10 06:00:00,Tuesday,54,7,47
2016-05-10 07:00:00,Tuesday,140,13,127
2016-05-10 08:00:00,Tuesday,349,27,322
2016-05-10 09:00:00,Tuesday,204,23,181
2016-05-10 10:00:00,Tuesday,95,11,84
2016-05-10 11:00:00,Tuesday,64,19,45
2016-05-10 12:00:00,Tuesday,60,26,34
2016-05-10 13:00:00,Tuesday,67,29,38
2016-05-10 14:00:00,Tuesday,50,22,28
2016-05-10 15:00:00,Tuesday,65,27,38
2016-05-10 16:00:00,Tuesday,120,86,34
2016-05-10 17:00:00,Tuesday,264,212,52
2016-05-10 18:00:00,Tuesday,249,195,54
2016-05-10 19:00:00,Tuesday,120,81,39
2016-05-10 20:00:00,Tuesday,57,39,18
2016-05-10 21:00:00,Tuesday,37,28,9
2016-05-10 22:00:00,Tuesday,26,17,9
2016-05-10 23:00:00,Tuesday,23,18,5
2016-05-11 00:00:00,Wednesday,5,3,2
2016-05-11 01:00:00,Wednesday,3,3,0
2016-05-11 02:00:00,Wednesday,3,3,0
2016-05-11 03:00:00,Wednesday,2,0,2
2016-05-11 04:00:00,Wednesday,3,0,3
2016-05-11 05:00:00,Wednesday,9,1,8
2016-05-11 06:00:00,Wednesday,71,8,63
2016-05-11 07:00:00,Wednesday,147,13,134
2016-05-11 08:00:00,Wednesday,335,30,305
2016-05-11 09:00:00,Wednesday,214,24,190
2016-05-11 10:00:00,Wednesday,109,16,93
2016-05-11 11:00:00,Wednesday,54,19,35
2016-05-11 12:00:00,Wednesday,50,17,33
2016-05-11 13:00:00,Wednesday,53,23,30
2016-05-11 14:00:00,Wednesday,68,30,38
2016-05-11 15:00:00,Wednesday,79,51,28
2016-05-11 16:00:00,Wednesday,104,67,37
2016-05-11 17:00:00,Wednesday,272,216,56
2016-05-11 18:00:00,Wednesday,209,171,38
2016-05-11 19:00:00,Wednesday,121,93,28
2016-05-11 20:00:00,Wednesday,69,53,16
2016-05-11 21:00:00,Wednesday,55,46,9
2016-05-11 22:00:00,Wednesday,23,18,5
2016-05-11 23:00:00,Wednesday,22,16,6
2016-05-12 00:00:00,Thursday,9,6,3
2016-05-12 01:00:00,Thursday,4,2,2
2016-05-12 02:00:00,Thursday,1,1,0
2016-05-12 03:00:00,Thursday,0,0,0
2016-05-12 04:00:00,Thursday,6,0,6
2016-05-12 05:00:00,Thursday,9,2,7
2016-05-12 06:00:00,Thursday,49,5,44
2016-05-12 07:00:00,Thursday,146,16,130
2016-05-12 08:00:00,Thursday,343,27,316
2016-05-12 09:00:00,Thursday,206,21,185
2016-05-12 10:00:00,Thursday,102,21,81
2016-05-12 11:00:00,Thursday,67,18,49
2016-05-12 12:00:00,Thursday,68,16,52
2016-05-12 13:00:00,Thursday,49,25,24
2016-05-12 14:00:00,Thursday,62,32,30
2016-05-12 15:00:00,Thursday,62,39,23
2016-05-12 16:00:00,Thursday,95,65,30
2016-05-12 17:00:00,Thursday,237,185,52
2016-05-12 18:00:00,Thursday,226,180,46
2016-05-12 19:00:00,Thursday,119,90,29
2016-05-12 20:00:00,Thursday,62,45,17
2016-05-12 21:00:00,Thursday,43,30,13
2016-05-12 22:00:00,Thursday,30,24,6
2016-05-12 23:00:00,Thursday,17,14,3
2016-05-13 00:00:00,Friday,11,7,4
2016-05-13 01:00:00,Friday,4,3,1
2016-05-13 02:00:00,Friday,3,2,1
2016-05-13 03:00:00,Friday,1,1,0
2016-05-13 04:00:00,Friday,1,0,1
2016-05-13 05:00:00,Friday,8,2,6
2016-05-13 06:00:00,Friday,38,4,34
2016-05-13 07:00:00,Friday,111,12,99
2016-05-13 08:00:00,Friday,229,22,207
2016-05-13 09:00:00,Friday,151,11,140
2016-05-13 10:00:00,Friday,71,12,59
2016-05-13 11:00:00,Friday,47,16,31
2016-05-13 12:00:00,Friday,43,11,32
2016-05-13 13:00:00,Friday,53,27,26
2016-05-13 14:00:00,Friday,59,37,22
2016-05-13 15:00:00,Friday,58,38,20
2016-05-13 16:00:00,Friday,94,66,28
2016-05-13 17:00:00,Friday,160,128,32
2016-05-13 18:00:00,Friday,140,112,28
2016-05-13 19:00:00,Friday,33,26,7
2016-05-13 20:00:00,Friday,60,18,42
2016-05-13 21:00:00,Friday,18,12,6
2016-05-13 22:00:00,Friday,6,3,3
2016-05-13 23:00:00,Friday,10,5,5
2016-05-14 00:00:00,Saturday,11,5,6
2016-05-14 01:00:00,Saturday,2,1,1
2016-05-14 02:00:00,Saturday,3,2,1
2016-05-14 03:00:00,Saturday,1,0,1
2016-05-14 04:00:00,Saturday,1,0,1
2016-05-14 05:00:00,Saturday,2,0,2
2016-05-14 06:00:00,Saturday,6,2,4
2016-05-14 07:00:00,Saturday,8,1,7
2016-05-14 08:00:00,Saturday,22,2,20
2016-05-14 09:00:00,Saturday,53,14,39
2016-05-14 10:00:00,Saturday,47,13,34
2016-05-14 11:00:00,Saturday,73,24,49
2016-05-14 12:00:00,Saturday,65,18,47
2016-05-14 13:00:00,Saturday,70,26,44
2016-05-14 14:00:00,Saturday,58,27,31
2016-05-14 15:00:00,Saturday,49,19,30
2016-05-14 16:00:00,Saturday,52,31,21
2016-05-14 17:00:00,Saturday,60,35,25
2016-05-14 18:00:00,Saturday,36,20,16
2016-05-14 19:00:00,Saturday,37,15,22
2016-05-14 20:00:00,Saturday,22,14,8
2016-05-14 21:00:00,Saturday,15,7,8
2016-05-14 22:00:00,Saturday,16,10,6
2016-05-14 23:00:00,Saturday,14,13,1
2016-05-15 00:00:00,Sunday,10,6,4
2016-05-15 01:00:00,Sunday,5,2,3
2016-05-15 02:00:00,Sunday,7,5,2
2016-05-15 03:00:00,Sunday,0,0,0
2016-05-15 04:00:00,Sunday,0,0,0
2016-05-15 05:00:00,Sunday,2,0,2
2016-05-15 06:00:00,Sunday,6,1,5
2016-05-15 07:00:00,Sunday,12,5,7
2016-05-15 08:00:00,Sunday,14,4,10
2016-05-15 09:00:00,Sunday,26,6,20
2016-05-15 10:00:00,Sunday,28,6,22
2016-05-15 11:00:00,Sunday,49,16,33
2016-05-15 12:00:00,Sunday,38,18,20
2016-05-15 13:00:00,Sunday,31,14,17
2016-05-15 14:00:00,Sunday,55,20,35
2016-05-15 15:00:00,Sunday,42,13,29
2016-05-15 16:00:00,Sunday,34,15,19
2016-05-15 17:00:00,Sunday,20,7,13
2016-05-15 18:00:00,Sunday,20,11,9
2016-05-15 19:00:00,Sunday,26,18,8
2016-05-15 20:00:00,Sunday,24,15,9
2016-05-15 21:00:00,Sunday,15,9,6
2016-05-15 22:00:00,Sunday,11,5,6
2016-05-15 23:00:00,Sunday,4,3,1
2016-05-16 00:00:00,Monday,4,3,1
2016-05-16 01:00:00,Monday,1,0,1
2016-05-16 02:00:00,Monday,0,0,0
2016-05-16 03:00:00,Monday,2,2,0
2016-05-16 04:00:00,Monday,3,0,3
2016-05-16 05:00:00,Monday,7,0,7
2016-05-16 06:00:00,Monday,37,2,35
2016-05-16 07:00:00,Monday,137,10,127
2016-05-16 08:00:00,Monday,274,18,256
2016-05-16 09:00:00,Monday,163,24,139
2016-05-16 10:00:00,Monday,70,9,61
2016-05-16 11:00:00,Monday,49,11,38
2016-05-16 12:00:00,Monday,51,12,39
2016-05-16 13:00:00,Monday,29,15,14
2016-05-16 14:00:00,Monday,29,16,13
2016-05-16 15:00:00,Monday,55,31,24
2016-05-16 16:00:00,Monday,94,67,27
2016-05-16 17:00:00,Monday,218,171,47
2016-05-16 18:00:00,Monday,195,166,29
2016-05-16 19:00:00,Monday,93,74,19
2016-05-16 20:00:00,Monday,54,35,19
2016-05-16 21:00:00,Monday,24,19,5
2016-05-16 22:00:00,Monday,21,18,3
2016-05-16 23:00:00,Monday,17,11,6
2016-05-17 00:00:00,Tuesday,9,7,2
2016-05-17 01:00:00,Tuesday,2,1,1
2016-05-17 02:00:00,Tuesday,1,1,0
2016-05-17 03:00:00,Tuesday,0,0,0
2016-05-17 04:00:00,Tuesday,3,2,1
2016-05-17 05:00:00,Tuesday,12,0,12
2016-05-17 06:00:00,Tuesday,49,5,44
2016-05-17 07:00:00,Tuesday,150,14,136
2016-05-17 08:00:00,Tuesday,356,27,329
2016-05-17 09:00:00,Tuesday,193,17,176
2016-05-17 10:00:00,Tuesday,93,18,75
2016-05-17 11:00:00,Tuesday,75,16,59
2016-05-17 12:00:00,Tuesday,64,25,39
2016-05-17 13:00:00,Tuesday,57,29,28
2016-05-17 14:00:00,Tuesday,64,29,35
2016-05-17 15:00:00,Tuesday,64,34,30
2016-05-17 16:00:00,Tuesday,108,71,37
2016-05-17 17:00:00,Tuesday,274,216,58
2016-05-17 18:00:00,Tuesday,226,161,65
2016-05-17 19:00:00,Tuesday,122,81,41
2016-05-17 20:00:00,Tuesday,79,57,22
2016-05-17 21:00:00,Tuesday,54,41,13
2016-05-17 22:00:00,Tuesday,38,32,6
2016-05-17 23:00:00,Tuesday,18,16,2
2016-05-18 00:00:00,Wednesday,7,4,3
2016-05-18 01:00:00,Wednesday,0,0,0
2016-05-18 02:00:00,Wednesday,1,1,0
2016-05-18 03:00:00,Wednesday,2,2,0
2016-05-18 04:00:00,Wednesday,1,0,1
2016-05-18 05:00:00,Wednesday,15,2,13
2016-05-18 06:00:00,Wednesday,58,8,50
2016-05-18 07:00:00,Wednesday,143,13,130
2016-05-18 08:00:00,Wednesday,378,30,348
2016-05-18 09:00:00,Wednesday,183,22,161
2016-05-18 10:00:00,Wednesday,82,15,67
2016-05-18 11:00:00,Wednesday,56,11,45
2016-05-18 12:00:00,Wednesday,73,19,54
2016-05-18 13:00:00,Wednesday,54,21,33
2016-05-18 14:00:00,Wednesday,55,18,37
2016-05-18 15:00:00,Wednesday,67,39,28
2016-05-18 16:00:00,Wednesday,110,75,35
2016-05-18 17:00:00,Wednesday,287,215,72
2016-05-18 18:00:00,Wednesday,227,169,58
2016-05-18 19:00:00,Wednesday,119,97,22
2016-05-18 20:00:00,Wednesday,83,66,17
2016-05-18 21:00:00,Wednesday,44,33,11
2016-05-18 22:00:00,Wednesday,27,24,3
2016-05-18 23:00:00,Wednesday,22,14,8
2016-05-19 00:00:00,Thursday,3,1,2
2016-05-19 01:00:00,Thursday,2,2,0
2016-05-19 02:00:00,Thursday,4,3,1
2016-05-19 03:00:00,Thursday,1,0,1
2016-05-19 04:00:00,Thursday,2,2,0
2016-05-19 05:00:00,Thursday,7,1,6
2016-05-19 06:00:00,Thursday,59,8,51
2016-05-19 07:00:00,Thursday,123,14,109
2016-05-19 08:00:00,Thursday,317,28,289
2016-05-19 09:00:00,Thursday,191,20,171
2016-05-19 10:00:00,Thursday,89,13,76
2016-05-19 11:00:00,Thursday,62,13,49
2016-05-19 12:00:00,Thursday,71,26,45
2016-05-19 13:00:00,Thursday,44,14,30
2016-05-19 14:00:00,Thursday,62,24,38
2016-05-19 15:00:00,Thursday,67,34,33
2016-05-19 16:00:00,Thursday,107,79,28
2016-05-19 17:00:00,Thursday,239,193,46
2016-05-19 18:00:00,Thursday,197,146,51
2016-05-19 19:00:00,Thursday,122,97,25
2016-05-19 20:00:00,Thursday,77,64,13
2016-05-19 21:00:00,Thursday,42,30,12
2016-05-19 22:00:00,Thursday,27,23,4
2016-05-19 23:00:00,Thursday,15,11,4
2016-05-20 00:00:00,Friday,4,4,0
2016-05-20 01:00:00,Friday,0,0,0
2016-05-20 02:00:00,Friday,2,2,0
2016-05-20 03:00:00,Friday,1,0,1
2016-05-20 04:00:00,Friday,1,0,1
2016-05-20 05:00:00,Friday,14,3,11
2016-05-20 06:00:00,Friday,48,6,42
2016-05-20 07:00:00,Friday,167,12,155
2016-05-20 08:00:00,Friday,329,38,291
2016-05-20 09:00:00,Friday,171,28,143
2016-05-20 10:00:00,Friday,74,14,60
2016-05-20 11:00:00,Friday,56,18,38
2016-05-20 12:00:00,Friday,62,24,38
2016-05-20 13:00:00,Friday,83,36,47
2016-05-20 14:00:00,Friday,73,35,38
2016-05-20 15:00:00,Friday,69,47,22
2016-05-20 16:00:00,Friday,123,84,39
2016-05-20 17:00:00,Friday,224,166,58
2016-05-20 18:00:00,Friday,192,152,40
2016-05-20 19:00:00,Friday,82,65,17
2016-05-20 20:00:00,Friday,45,34,11
2016-05-20 21:00:00,Friday,37,23,14
2016-05-20 22:00:00,Friday,21,20,1
2016-05-20 23:00:00,Friday,18,11,7
2016-05-21 00:00:00,Saturday,14,13,1
2016-05-21 01:00:00,Saturday,7,5,2
2016-05-21 02:00:00,Saturday,7,6,1
2016-05-21 03:00:00,Saturday,0,0,0
2016-05-21 04:00:00,Saturday,0,0,0
2016-05-21 05:00:00,Saturday,2,0,2
2016-05-21 06:00:00,Saturday,11,2,9
2016-05-21 07:00:00,Saturday,22,4,18
2016-05-21 08:00:00,Saturday,36,4,32
2016-05-21 09:00:00,Saturday,40,7,33
2016-05-21 10:00:00,Saturday,47,14,33
2016-05-21 11:00:00,Saturday,70,26,44
2016-05-21 12:00:00,Saturday,66,34,32
2016-05-21 13:00:00,Saturday,61,20,41
2016-05-21 14:00:00,Saturday,45,24,21
2016-05-21 15:00:00,Saturday,61,38,23
2016-05-21 16:00:00,Saturday,56,32,24
2016-05-21 17:00:00,Saturday,64,25,39
2016-05-21 18:00:00,Saturday,40,19,21
2016-05-21 19:00:00,Saturday,26,16,10
2016-05-21 20:00:00,Saturday,22,11,11
2016-05-21 21:00:00,Saturday,16,8,8
2016-05-21 22:00:00,Saturday,17,10,7
2016-05-21 23:00:00,Saturday,16,14,2
2016-05-22 00:00:00,Sunday,5,5,0
2016-05-22 01:00:00,Sunday,5,5,0
2016-05-22 02:00:00,Sunday,5,5,0
2016-05-22 03:00:00,Sunday,1,1,0
2016-05-22 04:00:00,Sunday,1,0,1
2016-05-22 05:00:00,Sunday,2,1,1
2016-05-22 06:00:00,Sunday,7,0,7
2016-05-22 07:00:00,Sunday,8,1,7
2016-05-22 08:00:00,Sunday,20,0,20
2016-05-22 09:00:00,Sunday,34,7,27
2016-05-22 10:00:00,Sunday,24,4,20
2016-05-22 11:00:00,Sunday,36,14,22
2016-05-22 12:00:00,Sunday,38,10,28
2016-05-22 13:00:00,Sunday,54,19,35
2016-05-22 14:00:00,Sunday,45,18,27
2016-05-22 15:00:00,Sunday,43,23,20
2016-05-22 16:00:00,Sunday,41,15,26
2016-05-22 17:00:00,Sunday,36,17,19
2016-05-22 18:00:00,Sunday,37,18,19
2016-05-22 19:00:00,Sunday,31,23,8
2016-05-22 20:00:00,Sunday,28,19,9
2016-05-22 21:00:00,Sunday,14,9,5
2016-05-22 22:00:00,Sunday,10,6,4
2016-05-22 23:00:00,Sunday,4,3,1
2016-05-23 00:00:00,Monday,6,4,2
2016-05-23 01:00:00,Monday,0,0,0
2016-05-23 02:00:00,Monday,1,0,1
2016-05-23 03:00:00,Monday,3,3,0
2016-05-23 04:00:00,Monday,3,0,3
2016-05-23 05:00:00,Monday,12,3,9
2016-05-23 06:00:00,Monday,54,6,48
2016-05-23 07:00:00,Monday,161,12,149
2016-05-23 08:00:00,Monday,334,36,298
2016-05-23 09:00:00,Monday,192,26,166
2016-05-23 10:00:00,Monday,99,21,78
2016-05-23 11:00:00,Monday,57,9,48
2016-05-23 12:00:00,Monday,53,15,38
2016-05-23 13:00:00,Monday,43,18,25
2016-05-23 14:00:00,Monday,62,35,27
2016-05-23 15:00:00,Monday,57,30,27
2016-05-23 16:00:00,Monday,118,83,35
2016-05-23 17:00:00,Monday,261,204,57
2016-05-23 18:00:00,Monday,231,188,43
2016-05-23 19:00:00,Monday,121,93,28
2016-05-23 20:00:00,Monday,72,57,15
2016-05-23 21:00:00,Monday,42,28,14
2016-05-23 22:00:00,Monday,9,8,1
2016-05-23 23:00:00,Monday,12,8,4
2016-05-24 00:00:00,Tuesday,6,6,0
2016-05-24 01:00:00,Tuesday,5,5,0
2016-05-24 02:00:00,Tuesday,2,1,1
2016-05-24 03:00:00,Tuesday,1,1,0
2016-05-24 04:00:00,Tuesday,1,0,1
2016-05-24 05:00:00,Tuesday,9,0,9
2016-05-24 06:00:00,Tuesday,24,1,23
2016-05-24 07:00:00,Tuesday,62,9,53
2016-05-24 08:00:00,Tuesday,193,17,176
2016-05-24 09:00:00,Tuesday,125,14,111
2016-05-24 10:00:00,Tuesday,59,3,56
2016-05-24 11:00:00,Tuesday,34,11,23
2016-05-24 12:00:00,Tuesday,34,7,27
2016-05-24 13:00:00,Tuesday,40,10,30
2016-05-24 14:00:00,Tuesday,33,10,23
2016-05-24 15:00:00,Tuesday,58,26,32
2016-05-24 16:00:00,Tuesday,69,47,22
2016-05-24 17:00:00,Tuesday,153,128,25
2016-05-24 18:00:00,Tuesday,158,124,34
2016-05-24 19:00:00,Tuesday,81,55,26
2016-05-24 20:00:00,Tuesday,49,27,22
2016-05-24 21:00:00,Tuesday,34,24,10
2016-05-24 22:00:00,Tuesday,22,18,4
2016-05-24 23:00:00,Tuesday,12,11,1
2016-05-25 00:00:00,Wednesday,6,4,2
2016-05-25 01:00:00,Wednesday,2,1,1
2016-05-25 02:00:00,Wednesday,0,0,0
2016-05-25 03:00:00,Wednesday,2,2,0
2016-05-25 04:00:00,Wednesday,0,0,0
2016-05-25 05:00:00,Wednesday,6,1,5
2016-05-25 06:00:00,Wednesday,51,4,47
2016-05-25 07:00:00,Wednesday,123,12,111
2016-05-25 08:00:00,Wednesday,354,30,324
2016-05-25 09:00:00,Wednesday,198,27,171
2016-05-25 10:00:00,Wednesday,80,7,73
2016-05-25 11:00:00,Wednesday,59,15,44
2016-05-25 12:00:00,Wednesday,62,18,44
2016-05-25 13:00:00,Wednesday,59,22,37
2016-05-25 14:00:00,Wednesday,58,26,32
2016-05-25 15:00:00,Wednesday,83,49,34
2016-05-25 16:00:00,Wednesday,126,84,42
2016-05-25 17:00:00,Wednesday,270,195,75
2016-05-25 18:00:00,Wednesday,220,164,56
2016-05-25 19:00:00,Wednesday,131,97,34
2016-05-25 20:00:00,Wednesday,96,73,23
2016-05-25 21:00:00,Wednesday,64,45,19
2016-05-25 22:00:00,Wednesday,26,20,6
2016-05-25 23:00:00,Wednesday,17,12,5
2016-05-26 00:00:00,Thursday,8,4,4
2016-05-26 01:00:00,Thursday,6,5,1
2016-05-26 02:00:00,Thursday,1,0,1
2016-05-26 03:00:00,Thursday,0,0,0
2016-05-26 04:00:00,Thursday,1,1,0
2016-05-26 05:00:00,Thursday,13,3,10
2016-05-26 06:00:00,Thursday,57,9,48
2016-05-26 07:00:00,Thursday,134,16,118
2016-05-26 08:00:00,Thursday,338,36,302
2016-05-26 09:00:00,Thursday,185,27,158
2016-05-26 10:00:00,Thursday,100,22,78
2016-05-26 11:00:00,Thursday,65,15,50
2016-05-26 12:00:00,Thursday,49,11,38
2016-05-26 13:00:00,Thursday,56,25,31
2016-05-26 14:00:00,Thursday,52,21,31
2016-05-26 15:00:00,Thursday,59,32,27
2016-05-26 16:00:00,Thursday,114,81,33
2016-05-26 17:00:00,Thursday,249,196,53
2016-05-26 18:00:00,Thursday,216,139,77
2016-05-26 19:00:00,Thursday,103,82,21
2016-05-26 20:00:00,Thursday,73,67,6
2016-05-26 21:00:00,Thursday,41,34,7
2016-05-26 22:00:00,Thursday,36,31,5
2016-05-26 23:00:00,Thursday,20,13,7
2016-05-27 00:00:00,Friday,13,10,3
2016-05-27 01:00:00,Friday,4,3,1
2016-05-27 02:00:00,Friday,0,0,0
2016-05-27 03:00:00,Friday,1,1,0
2016-05-27 04:00:00,Friday,0,0,0
2016-05-27 05:00:00,Friday,5,1,4
2016-05-27 06:00:00,Friday,50,6,44
2016-05-27 07:00:00,Friday,116,12,104
2016-05-27 08:00:00,Friday,281,22,259
2016-05-27 09:00:00,Friday,187,32,155
2016-05-27 10:00:00,Friday,93,16,77
2016-05-27 11:00:00,Friday,52,10,42
2016-05-27 12:00:00,Friday,67,24,43
2016-05-27 13:00:00,Friday,72,33,39
2016-05-27 14:00:00,Friday,85,45,40
2016-05-27 15:00:00,Friday,111,76,35
2016-05-27 16:00:00,Friday,123,92,31
2016-05-27 17:00:00,Friday,178,138,40
2016-05-27 18:00:00,Friday,139,81,58
2016-05-27 19:00:00,Friday,80,54,26
2016-05-27 20:00:00,Friday,43,30,13
2016-05-27 21:00:00,Friday,27,20,7
2016-05-27 22:00:00,Friday,15,14,1
2016-05-27 23:00:00,Friday,23,20,3
2016-05-28 00:00:00,Saturday,9,6,3
2016-05-28 01:00:00,Saturday,12,8,4
2016-05-28 02:00:00,Saturday,6,3,3
2016-05-28 03:00:00,Saturday,2,1,1
2016-05-28 04:00:00,Saturday,0,0,0
2016-05-28 05:00:00,Saturday,1,0,1
2016-05-28 06:00:00,Saturday,8,1,7
2016-05-28 07:00:00,Saturday,23,2,21
2016-05-28 08:00:00,Saturday,24,6,18
2016-05-28 09:00:00,Saturday,30,6,24
2016-05-28 10:00:00,Saturday,28,9,19
2016-05-28 11:00:00,Saturday,44,20,24
2016-05-28 12:00:00,Saturday,61,27,34
2016-05-28 13:00:00,Saturday,50,12,38
2016-05-28 14:00:00,Saturday,61,23,38
2016-05-28 15:00:00,Saturday,49,12,37
2016-05-28 16:00:00,Saturday,34,13,21
2016-05-28 17:00:00,Saturday,43,20,23
2016-05-28 18:00:00,Saturday,40,16,24
2016-05-28 19:00:00,Saturday,40,25,15
2016-05-28 20:00:00,Saturday,31,17,14
2016-05-28 21:00:00,Saturday,24,17,7
2016-05-28 22:00:00,Saturday,19,16,3
2016-05-28 23:00:00,Saturday,16,14,2
2016-05-29 00:00:00,Sunday,5,4,1
2016-05-29 01:00:00,Sunday,6,4,2
2016-05-29 02:00:00,Sunday,7,7,0
2016-05-29 03:00:00,Sunday,1,1,0
2016-05-29 04:00:00,Sunday,2,2,0
2016-05-29 05:00:00,Sunday,2,0,2
2016-05-29 06:00:00,Sunday,11,1,10
2016-05-29 07:00:00,Sunday,13,3,10
2016-05-29 08:00:00,Sunday,18,3,15
2016-05-29 09:00:00,Sunday,25,10,15
2016-05-29 10:00:00,Sunday,21,8,13
2016-05-29 11:00:00,Sunday,46,15,31
2016-05-29 12:00:00,Sunday,33,5,28
2016-05-29 13:00:00,Sunday,44,14,30
2016-05-29 14:00:00,Sunday,64,22,42
2016-05-29 15:00:00,Sunday,47,19,28
2016-05-29 16:00:00,Sunday,35,13,22
2016-05-29 17:00:00,Sunday,21,7,14
2016-05-29 18:00:00,Sunday,26,8,18
2016-05-29 19:00:00,Sunday,40,28,12
2016-05-29 20:00:00,Sunday,13,7,6
2016-05-29 21:00:00,Sunday,13,11,2
2016-05-29 22:00:00,Sunday,7,4,3
2016-05-29 23:00:00,Sunday,18,14,4
2016-05-30 00:00:00,Monday,6,5,1
2016-05-30 01:00:00,Monday,0,0,0
2016-05-30 02:00:00,Monday,3,2,1
2016-05-30 03:00:00,Monday,0,0,0
2016-05-30 04:00:00,Monday,0,0,0
2016-05-30 05:00:00,Monday,1,1,0
2016-05-30 06:00:00,Monday,1,1,0
2016-05-30 07:00:00,Monday,5,0,5
2016-05-30 08:00:00,Monday,6,1,5
2016-05-30 09:00:00,Monday,11,0,11
2016-05-30 10:00:00,Monday,8,1,7
2016-05-30 11:00:00,Monday,6,0,6
2016-05-30 12:00:00,Monday,18,6,12
2016-05-30 13:00:00,Monday,28,7,21
2016-05-30 14:00:00,Monday,24,8,16
2016-05-30 15:00:00,Monday,28,14,14
2016-05-30 16:00:00,Monday,43,15,28
2016-05-30 17:00:00,Monday,51,34,17
2016-05-30 18:00:00,Monday,43,26,17
2016-05-30 19:00:00,Monday,29,20,9
2016-05-30 20:00:00,Monday,16,9,7
2016-05-30 21:00:00,Monday,18,11,7
2016-05-30 22:00:00,Monday,15,10,5
2016-05-30 23:00:00,Monday,17,9,8
2016-05-31 00:00:00,Tuesday,4,2,2
2016-05-31 01:00:00,Tuesday,3,0,3
2016-05-31 02:00:00,Tuesday,1,1,0
2016-05-31 03:00:00,Tuesday,0,0,0
2016-05-31 04:00:00,Tuesday,1,0,1
2016-05-31 05:00:00,Tuesday,10,1,9
2016-05-31 06:00:00,Tuesday,53,7,46
2016-05-31 07:00:00,Tuesday,144,9,135
2016-05-31 08:00:00,Tuesday,360,25,335
2016-05-31 09:00:00,Tuesday,207,23,184
2016-05-31 10:00:00,Tuesday,84,17,67
2016-05-31 11:00:00,Tuesday,61,14,47
2016-05-31 12:00:00,Tuesday,61,14,47
2016-05-31 13:00:00,Tuesday,58,25,33
2016-05-31 14:00:00,Tuesday,54,23,31
2016-05-31 15:00:00,Tuesday,66,26,40
2016-05-31 16:00:00,Tuesday,127,90,37
2016-05-31 17:00:00,Tuesday,265,201,64
2016-05-31 18:00:00,Tuesday,224,169,55
2016-05-31 19:00:00,Tuesday,147,111,36
2016-05-31 20:00:00,Tuesday,71,50,21
2016-05-31 21:00:00,Tuesday,42,34,8
2016-05-31 22:00:00,Tuesday,30,23,7
2016-05-31 23:00:00,Tuesday,16,10,6
2016-06-01 00:00:00,Wednesday,11,7,4
2016-06-01 01:00:00,Wednesday,4,2,2
2016-06-01 02:00:00,Wednesday,1,1,0
2016-06-01 03:00:00,Wednesday,0,0,0
2016-06-01 04:00:00,Wednesday,3,0,3
2016-06-01 05:00:00,Wednesday,8,1,7
2016-06-01 06:00:00,Wednesday,69,7,62
2016-06-01 07:00:00,Wednesday,191,12,179
2016-06-01 08:00:00,Wednesday,356,28,328
2016-06-01 09:00:00,Wednesday,213,30,183
2016-06-01 10:00:00,Wednesday,113,17,96
2016-06-01 11:00:00,Wednesday,63,17,46
2016-06-01 12:00:00,Wednesday,69,21,48
2016-06-01 13:00:00,Wednesday,63,25,38
2016-06-01 14:00:00,Wednesday,56,29,27
2016-06-01 15:00:00,Wednesday,73,35,38
2016-06-01 16:00:00,Wednesday,124,82,42
2016-06-01 17:00:00,Wednesday,310,239,71
2016-06-01 18:00:00,Wednesday,252,204,48
2016-06-01 19:00:00,Wednesday,125,95,30
2016-06-01 20:00:00,Wednesday,77,56,21
2016-06-01 21:00:00,Wednesday,33,19,14
2016-06-01 22:00:00,Wednesday,16,12,4
2016-06-01 23:00:00,Wednesday,18,14,4
2016-06-02 00:00:00,Thursday,10,7,3
2016-06-02 01:00:00,Thursday,8,5,3
2016-06-02 02:00:00,Thursday,1,1,0
2016-06-02 03:00:00,Thursday,0,0,0
2016-06-02 04:00:00,Thursday,3,1,2
2016-06-02 05:00:00,Thursday,9,2,7
2016-06-02 06:00:00,Thursday,62,6,56
2016-06-02 07:00:00,Thursday,150,14,136
2016-06-02 08:00:00,Thursday,314,25,289
2016-06-02 09:00:00,Thursday,205,30,175
2016-06-02 10:00:00,Thursday,92,12,80
2016-06-02 11:00:00,Thursday,50,15,35
2016-06-02 12:00:00,Thursday,55,17,38
2016-06-02 13:00:00,Thursday,46,21,25
2016-06-02 14:00:00,Thursday,54,27,27
2016-06-02 15:00:00,Thursday,73,40,33
2016-06-02 16:00:00,Thursday,86,63,23
2016-06-02 17:00:00,Thursday,251,194,57
2016-06-02 18:00:00,Thursday,189,149,40
2016-06-02 19:00:00,Thursday,114,89,25
2016-06-02 20:00:00,Thursday,63,48,15
2016-06-02 21:00:00,Thursday,48,36,12
2016-06-02 22:00:00,Thursday,28,25,3
2016-06-02 23:00:00,Thursday,16,11,5
2016-06-03 00:00:00,Friday,13,5,8
2016-06-03 01:00:00,Friday,2,2,0
2016-06-03 02:00:00,Friday,0,0,0
2016-06-03 03:00:00,Friday,1,1,0
2016-06-03 04:00:00,Friday,3,0,3
2016-06-03 05:00:00,Friday,6,0,6
2016-06-03 06:00:00,Friday,45,4,41
2016-06-03 07:00:00,Friday,110,13,97
2016-06-03 08:00:00,Friday,253,28,225
2016-06-03 09:00:00,Friday,166,16,150
2016-06-03 10:00:00,Friday,86,10,76
2016-06-03 11:00:00,Friday,51,15,36
2016-06-03 12:00:00,Friday,41,19,22
2016-06-03 13:00:00,Friday,45,17,28
2016-06-03 14:00:00,Friday,56,32,24
2016-06-03 15:00:00,Friday,63,39,24
2016-06-03 16:00:00,Friday,114,84,30
2016-06-03 17:00:00,Friday,192,152,40
2016-06-03 18:00:00,Friday,155,120,35
2016-06-03 19:00:00,Friday,90,64,26
2016-06-03 20:00:00,Friday,55,32,23
2016-06-03 21:00:00,Friday,31,21,10
2016-06-03 22:00:00,Friday,28,19,9
2016-06-03 23:00:00,Friday,31,21,10
2016-06-04 00:00:00,Saturday,9,7,2
2016-06-04 01:00:00,Saturday,7,5,2
2016-06-04 02:00:00,Saturday,6,5,1
2016-06-04 03:00:00,Saturday,0,0,0
2016-06-04 04:00:00,Saturday,1,0,1
2016-06-04 05:00:00,Saturday,6,2,4
2016-06-04 06:00:00,Saturday,7,1,6
2016-06-04 07:00:00,Saturday,18,4,14
2016-06-04 08:00:00,Saturday,23,6,17
2016-06-04 09:00:00,Saturday,42,3,39
2016-06-04 10:00:00,Saturday,47,15,32
2016-06-04 11:00:00,Saturday,60,14,46
2016-06-04 12:00:00,Saturday,75,23,52
2016-06-04 13:00:00,Saturday,69,14,55
2016-06-04 14:00:00,Saturday,88,33,55
2016-06-04 15:00:00,Saturday,93,46,47
2016-06-04 16:00:00,Saturday,82,39,43
2016-06-04 17:00:00,Saturday,74,41,33
2016-06-04 18:00:00,Saturday,80,56,24
2016-06-04 19:00:00,Saturday,47,33,14
2016-06-04 20:00:00,Saturday,39,22,17
2016-06-04 21:00:00,Saturday,17,14,3
2016-06-04 22:00:00,Saturday,13,7,6
2016-06-04 23:00:00,Saturday,18,13,5
2016-06-05 00:00:00,Sunday,14,6,8
2016-06-05 01:00:00,Sunday,10,7,3
2016-06-05 02:00:00,Sunday,3,3,0
2016-06-05 03:00:00,Sunday,5,3,2
2016-06-05 04:00:00,Sunday,0,0,0
2016-06-05 05:00:00,Sunday,3,0,3
2016-06-05 06:00:00,Sunday,2,0,2
2016-06-05 07:00:00,Sunday,11,4,7
2016-06-05 08:00:00,Sunday,13,2,11
2016-06-05 09:00:00,Sunday,19,5,14
2016-06-05 10:00:00,Sunday,14,6,8
2016-06-05 11:00:00,Sunday,6,4,2
2016-06-05 12:00:00,Sunday,15,8,7
2016-06-05 13:00:00,Sunday,19,8,11
2016-06-05 14:00:00,Sunday,16,5,11
2016-06-05 15:00:00,Sunday,21,6,15
2016-06-05 16:00:00,Sunday,15,7,8
2016-06-05 17:00:00,Sunday,14,8,6
2016-06-05 18:00:00,Sunday,11,7,4
2016-06-05 19:00:00,Sunday,8,3,5
2016-06-05 20:00:00,Sunday,3,2,1
2016-06-05 21:00:00,Sunday,7,4,3
2016-06-05 22:00:00,Sunday,6,5,1
2016-06-05 23:00:00,Sunday,3,0,3
2016-06-06 00:00:00,Monday,0,0,0
2016-06-06 01:00:00,Monday,1,0,1
2016-06-06 02:00:00,Monday,0,0,0
2016-06-06 03:00:00,Monday,0,0,0
2016-06-06 04:00:00,Monday,4,1,3
2016-06-06 05:00:00,Monday,4,0,4
2016-06-06 06:00:00,Monday,44,6,38
2016-06-06 07:00:00,Monday,150,11,139
2016-06-06 08:00:00,Monday,332,18,314
2016-06-06 09:00:00,Monday,193,21,172
2016-06-06 10:00:00,Monday,90,15,75
2016-06-06 11:00:00,Monday,43,14,29
2016-06-06 12:00:00,Monday,49,16,33
2016-06-06 13:00:00,Monday,45,21,24
2016-06-06 14:00:00,Monday,46,22,24
2016-06-06 15:00:00,Monday,57,38,19
2016-06-06 16:00:00,Monday,136,91,45
2016-06-06 17:00:00,Monday,277,213,64
2016-06-06 18:00:00,Monday,251,188,63
2016-06-06 19:00:00,Monday,143,110,33
2016-06-06 20:00:00,Monday,76,64,12
2016-06-06 21:00:00,Monday,40,27,13
2016-06-06 22:00:00,Monday,35,25,10
2016-06-06 23:00:00,Monday,9,6,3
2016-06-07 00:00:00,Tuesday,10,7,3
2016-06-07 01:00:00,Tuesday,3,2,1
2016-06-07 02:00:00,Tuesday,1,1,0
2016-06-07 03:00:00,Tuesday,1,1,0
2016-06-07 04:00:00,Tuesday,3,1,2
2016-06-07 05:00:00,Tuesday,16,3,13
2016-06-07 06:00:00,Tuesday,54,5,49
2016-06-07 07:00:00,Tuesday,135,10,125
2016-06-07 08:00:00,Tuesday,259,18,241
2016-06-07 09:00:00,Tuesday,160,16,144
2016-06-07 10:00:00,Tuesday,93,17,76
2016-06-07 11:00:00,Tuesday,48,13,35
2016-06-07 12:00:00,Tuesday,51,25,26
2016-06-07 13:00:00,Tuesday,45,18,27
2016-06-07 14:00:00,Tuesday,48,19,29
2016-06-07 15:00:00,Tuesday,50,34,16
2016-06-07 16:00:00,Tuesday,97,63,34
2016-06-07 17:00:00,Tuesday,223,176,47
2016-06-07 18:00:00,Tuesday,186,149,37
2016-06-07 19:00:00,Tuesday,125,91,34
2016-06-07 20:00:00,Tuesday,42,32,10
2016-06-07 21:00:00,Tuesday,27,23,4
2016-06-07 22:00:00,Tuesday,14,11,3
2016-06-07 23:00:00,Tuesday,6,4,2
2016-06-08 00:00:00,Wednesday,2,1,1
2016-06-08 01:00:00,Wednesday,5,3,2
2016-06-08 02:00:00,Wednesday,1,1,0
2016-06-08 03:00:00,Wednesday,2,0,2
2016-06-08 04:00:00,Wednesday,3,0,3
2016-06-08 05:00:00,Wednesday,10,1,9
2016-06-08 06:00:00,Wednesday,45,3,42
2016-06-08 07:00:00,Wednesday,133,11,122
2016-06-08 08:00:00,Wednesday,346,25,321
2016-06-08 09:00:00,Wednesday,191,22,169
2016-06-08 10:00:00,Wednesday,94,19,75
2016-06-08 11:00:00,Wednesday,54,11,43
2016-06-08 12:00:00,Wednesday,49,8,41
2016-06-08 13:00:00,Wednesday,53,19,34
2016-06-08 14:00:00,Wednesday,52,22,30
2016-06-08 15:00:00,Wednesday,58,27,31
2016-06-08 16:00:00,Wednesday,115,76,39
2016-06-08 17:00:00,Wednesday,244,191,53
2016-06-08 18:00:00,Wednesday,199,156,43
2016-06-08 19:00:00,Wednesday,108,88,20
2016-06-08 20:00:00,Wednesday,58,45,13
2016-06-08 21:00:00,Wednesday,33,27,6
2016-06-08 22:00:00,Wednesday,17,13,4
2016-06-08 23:00:00,Wednesday,19,15,4
2016-06-09 00:00:00,Thursday,11,10,1
2016-06-09 01:00:00,Thursday,2,2,0
2016-06-09 02:00:00,Thursday,1,0,1
2016-06-09 03:00:00,Thursday,0,0,0
2016-06-09 04:00:00,Thursday,5,0,5
2016-06-09 05:00:00,Thursday,11,3,8
2016-06-09 06:00:00,Thursday,46,4,42
2016-06-09 07:00:00,Thursday,157,15,142
2016-06-09 08:00:00,Thursday,313,29,284
2016-06-09 09:00:00,Thursday,209,23,186
2016-06-09 10:00:00,Thursday,89,18,71
2016-06-09 11:00:00,Thursday,61,15,46
2016-06-09 12:00:00,Thursday,43,20,23
2016-06-09 13:00:00,Thursday,55,22,33
2016-06-09 14:00:00,Thursday,50,29,21
2016-06-09 15:00:00,Thursday,50,35,15
2016-06-09 16:00:00,Thursday,119,81,38
2016-06-09 17:00:00,Thursday,297,221,76
2016-06-09 18:00:00,Thursday,223,160,63
2016-06-09 19:00:00,Thursday,118,91,27
2016-06-09 20:00:00,Thursday,74,55,19
2016-06-09 21:00:00,Thursday,56,46,10
2016-06-09 22:00:00,Thursday,35,27,8
2016-06-09 23:00:00,Thursday,19,12,7
2016-06-10 00:00:00,Friday,8,8,0
2016-06-10 01:00:00,Friday,2,2,0
2016-06-10 02:00:00,Friday,0,0,0
2016-06-10 03:00:00,Friday,0,0,0
2016-06-10 04:00:00,Friday,4,1,3
2016-06-10 05:00:00,Friday,3,0,3
2016-06-10 06:00:00,Friday,45,6,39
2016-06-10 07:00:00,Friday,126,7,119
2016-06-10 08:00:00,Friday,310,27,283
2016-06-10 09:00:00,Friday,208,25,183
2016-06-10 10:00:00,Friday,85,11,74
2016-06-10 11:00:00,Friday,58,15,43
2016-06-10 12:00:00,Friday,67,22,45
2016-06-10 13:00:00,Friday,56,30,26
2016-06-10 14:00:00,Friday,58,27,31
2016-06-10 15:00:00,Friday,82,49,33
2016-06-10 16:00:00,Friday,151,98,53
2016-06-10 17:00:00,Friday,196,155,41
2016-06-10 18:00:00,Friday,188,136,52
2016-06-10 19:00:00,Friday,119,69,50
2016-06-10 20:00:00,Friday,57,40,17
2016-06-10 21:00:00,Friday,40,31,9
2016-06-10 22:00:00,Friday,24,18,6
2016-06-10 23:00:00,Friday,24,13,11
2016-06-11 00:00:00,Saturday,7,5,2
2016-06-11 01:00:00,Saturday,10,6,4
2016-06-11 02:00:00,Saturday,5,4,1
2016-06-11 03:00:00,Saturday,3,3,0
2016-06-11 04:00:00,Saturday,1,0,1
2016-06-11 05:00:00,Saturday,5,2,3
2016-06-11 06:00:00,Saturday,12,0,12
2016-06-11 07:00:00,Saturday,23,2,21
2016-06-11 08:00:00,Saturday,34,6,28
2016-06-11 09:00:00,Saturday,38,13,25
2016-06-11 10:00:00,Saturday,34,10,24
2016-06-11 11:00:00,Saturday,57,14,43
2016-06-11 12:00:00,Saturday,48,13,35
2016-06-11 13:00:00,Saturday,45,18,27
2016-06-11 14:00:00,Saturday,17,9,8
2016-06-11 15:00:00,Saturday,28,11,17
2016-06-11 16:00:00,Saturday,37,19,18
2016-06-11 17:00:00,Saturday,30,8,22
2016-06-11 18:00:00,Saturday,30,20,10
2016-06-11 19:00:00,Saturday,20,12,8
2016-06-11 20:00:00,Saturday,13,6,7
2016-06-11 21:00:00,Saturday,18,13,5
2016-06-11 22:00:00,Saturday,11,3,8
2016-06-11 23:00:00,Saturday,7,3,4
2016-06-12 00:00:00,Sunday,4,3,1
2016-06-12 01:00:00,Sunday,1,1,0
2016-06-12 02:00:00,Sunday,4,4,0
2016-06-12 03:00:00,Sunday,0,0,0
2016-06-12 04:00:00,Sunday,1,1,0
2016-06-12 05:00:00,Sunday,3,1,2
2016-06-12 06:00:00,Sunday,5,1,4
2016-06-12 07:00:00,Sunday,10,3,7
2016-06-12 08:00:00,Sunday,14,3,11
2016-06-12 09:00:00,Sunday,38,7,31
2016-06-12 10:00:00,Sunday,45,13,32
2016-06-12 11:00:00,Sunday,43,11,32
2016-06-12 12:00:00,Sunday,31,8,23
2016-06-12 13:00:00,Sunday,48,12,36
2016-06-12 14:00:00,Sunday,35,12,23
2016-06-12 15:00:00,Sunday,42,18,24
2016-06-12 16:00:00,Sunday,54,24,30
2016-06-12 17:00:00,Sunday,45,29,16
2016-06-12 18:00:00,Sunday,42,23,19
2016-06-12 19:00:00,Sunday,29,15,14
2016-06-12 20:00:00,Sunday,16,8,8
2016-06-12 21:00:00,Sunday,8,7,1
2016-06-12 22:00:00,Sunday,9,5,4
2016-06-12 23:00:00,Sunday,6,4,2
2016-06-13 00:00:00,Monday,3,1,2
2016-06-13 01:00:00,Monday,1,1,0
2016-06-13 02:00:00,Monday,0,0,0
2016-06-13 03:00:00,Monday,0,0,0
2016-06-13 04:00:00,Monday,1,0,1
2016-06-13 05:00:00,Monday,13,2,11
2016-06-13 06:00:00,Monday,54,3,51
2016-06-13 07:00:00,Monday,133,4,129
2016-06-13 08:00:00,Monday,350,30,320
2016-06-13 09:00:00,Monday,230,33,197
2016-06-13 10:00:00,Monday,88,12,76
2016-06-13 11:00:00,Monday,40,12,28
2016-06-13 12:00:00,Monday,51,17,34
2016-06-13 13:00:00,Monday,47,19,28
2016-06-13 14:00:00,Monday,48,25,23
2016-06-13 15:00:00,Monday,61,34,27
2016-06-13 16:00:00,Monday,124,79,45
2016-06-13 17:00:00,Monday,284,227,57
2016-06-13 18:00:00,Monday,252,197,55
2016-06-13 19:00:00,Monday,130,100,30
2016-06-13 20:00:00,Monday,42,27,15
2016-06-13 21:00:00,Monday,27,22,5
2016-06-13 22:00:00,Monday,19,11,8
2016-06-13 23:00:00,Monday,16,10,6
2016-06-14 00:00:00,Tuesday,6,2,4
2016-06-14 01:00:00,Tuesday,2,1,1
2016-06-14 02:00:00,Tuesday,3,3,0
2016-06-14 03:00:00,Tuesday,5,4,1
2016-06-14 04:00:00,Tuesday,5,1,4
2016-06-14 05:00:00,Tuesday,15,1,14
2016-06-14 06:00:00,Tuesday,61,7,54
2016-06-14 07:00:00,Tuesday,163,14,149
2016-06-14 08:00:00,Tuesday,340,29,311
2016-06-14 09:00:00,Tuesday,220,24,196
2016-06-14 10:00:00,Tuesday,93,18,75
2016-06-14 11:00:00,Tuesday,52,10,42
2016-06-14 12:00:00,Tuesday,52,18,34
2016-06-14 13:00:00,Tuesday,56,27,29
2016-06-14 14:00:00,Tuesday,58,31,27
2016-06-14 15:00:00,Tuesday,51,33,18
2016-06-14 16:00:00,Tuesday,134,84,50
2016-06-14 17:00:00,Tuesday,251,183,68
2016-06-14 18:00:00,Tuesday,204,141,63
2016-06-14 19:00:00,Tuesday,131,92,39
2016-06-14 20:00:00,Tuesday,68,48,20
2016-06-14 21:00:00,Tuesday,51,38,13
2016-06-14 22:00:00,Tuesday,42,35,7
2016-06-14 23:00:00,Tuesday,14,9,5
2016-06-15 00:00:00,Wednesday,6,3,3
2016-06-15 01:00:00,Wednesday,3,2,1
2016-06-15 02:00:00,Wednesday,1,1,0
2016-06-15 03:00:00,Wednesday,4,2,2
2016-06-15 04:00:00,Wednesday,5,0,5
2016-06-15 05:00:00,Wednesday,11,2,9
2016-06-15 06:00:00,Wednesday,73,6,67
2016-06-15 07:00:00,Wednesday,146,9,137
2016-06-15 08:00:00,Wednesday,347,28,319
2016-06-15 09:00:00,Wednesday,210,22,188
2016-06-15 10:00:00,Wednesday,102,14,88
2016-06-15 11:00:00,Wednesday,61,16,45
2016-06-15 12:00:00,Wednesday,64,23,41
2016-06-15 13:00:00,Wednesday,48,25,23
2016-06-15 14:00:00,Wednesday,57,30,27
2016-06-15 15:00:00,Wednesday,76,42,34
2016-06-15 16:00:00,Wednesday,94,64,30
2016-06-15 17:00:00,Wednesday,260,191,69
2016-06-15 18:00:00,Wednesday,224,161,63
2016-06-15 19:00:00,Wednesday,134,105,29
2016-06-15 20:00:00,Wednesday,77,57,20
2016-06-15 21:00:00,Wednesday,54,41,13
2016-06-15 22:00:00,Wednesday,36,25,11
2016-06-15 23:00:00,Wednesday,14,11,3
2016-06-16 00:00:00,Thursday,11,7,4
2016-06-16 01:00:00,Thursday,4,3,1
2016-06-16 02:00:00,Thursday,2,2,0
2016-06-16 03:00:00,Thursday,1,1,0
2016-06-16 04:00:00,Thursday,5,0,5
2016-06-16 05:00:00,Thursday,14,2,12
2016-06-16 06:00:00,Thursday,47,6,41
2016-06-16 07:00:00,Thursday,136,18,118
2016-06-16 08:00:00,Thursday,310,27,283
2016-06-16 09:00:00,Thursday,227,24,203
2016-06-16 10:00:00,Thursday,97,12,85
2016-06-16 11:00:00,Thursday,54,18,36
2016-06-16 12:00:00,Thursday,51,19,32
2016-06-16 13:00:00,Thursday,49,16,33
2016-06-16 14:00:00,Thursday,47,25,22
2016-06-16 15:00:00,Thursday,68,36,32
2016-06-16 16:00:00,Thursday,115,70,45
2016-06-16 17:00:00,Thursday,270,202,68
2016-06-16 18:00:00,Thursday,211,161,50
2016-06-16 19:00:00,Thursday,96,68,28
2016-06-16 20:00:00,Thursday,78,56,22
2016-06-16 21:00:00,Thursday,57,41,16
2016-06-16 22:00:00,Thursday,32,23,9
2016-06-16 23:00:00,Thursday,19,15,4
2016-06-17 00:00:00,Friday,6,5,1
2016-06-17 01:00:00,Friday,3,3,0
2016-06-17 02:00:00,Friday,4,1,3
2016-06-17 03:00:00,Friday,2,0,2
2016-06-17 04:00:00,Friday,3,0,3
2016-06-17 05:00:00,Friday,11,0,11
2016-06-17 06:00:00,Friday,41,7,34
2016-06-17 07:00:00,Friday,121,10,111
2016-06-17 08:00:00,Friday,278,19,259
2016-06-17 09:00:00,Friday,176,17,159
2016-06-17 10:00:00,Friday,76,12,64
2016-06-17 11:00:00,Friday,69,17,52
2016-06-17 12:00:00,Friday,70,30,40
2016-06-17 13:00:00,Friday,60,33,27
2016-06-17 14:00:00,Friday,69,40,29
2016-06-17 15:00:00,Friday,76,50,26
2016-06-17 16:00:00,Friday,122,91,31
2016-06-17 17:00:00,Friday,243,179,64
2016-06-17 18:00:00,Friday,163,107,56
2016-06-17 19:00:00,Friday,82,55,27
2016-06-17 20:00:00,Friday,58,33,25
2016-06-17 21:00:00,Friday,47,36,11
2016-06-17 22:00:00,Friday,26,16,10
2016-06-17 23:00:00,Friday,14,12,2
2016-06-18 00:00:00,Saturday,7,6,1
2016-06-18 01:00:00,Saturday,6,4,2
2016-06-18 02:00:00,Saturday,3,2,1
2016-06-18 03:00:00,Saturday,2,1,1
2016-06-18 04:00:00,Saturday,1,0,1
2016-06-18 05:00:00,Saturday,4,2,2
2016-06-18 06:00:00,Saturday,3,0,3
2016-06-18 07:00:00,Saturday,15,0,15
2016-06-18 08:00:00,Saturday,7,4,3
2016-06-18 09:00:00,Saturday,9,3,6
2016-06-18 10:00:00,Saturday,56,8,48
2016-06-18 11:00:00,Saturday,68,17,51
2016-06-18 12:00:00,Saturday,51,17,34
2016-06-18 13:00:00,Saturday,58,21,37
2016-06-18 14:00:00,Saturday,62,25,37
2016-06-18 15:00:00,Saturday,66,28,38
2016-06-18 16:00:00,Saturday,48,16,32
2016-06-18 17:00:00,Saturday,43,22,21
2016-06-18 18:00:00,Saturday,39,24,15
2016-06-18 19:00:00,Saturday,33,19,14
2016-06-18 20:00:00,Saturday,30,20,10
2016-06-18 21:00:00,Saturday,19,12,7
2016-06-18 22:00:00,Saturday,17,10,7
2016-06-18 23:00:00,Saturday,13,8,5
2016-06-19 00:00:00,Sunday,7,4,3
2016-06-19 01:00:00,Sunday,10,8,2
2016-06-19 02:00:00,Sunday,7,6,1
2016-06-19 03:00:00,Sunday,2,1,1
2016-06-19 04:00:00,Sunday,1,0,1
2016-06-19 05:00:00,Sunday,2,1,1
2016-06-19 06:00:00,Sunday,3,0,3
2016-06-19 07:00:00,Sunday,14,2,12
2016-06-19 08:00:00,Sunday,10,1,9
2016-06-19 09:00:00,Sunday,29,9,20
2016-06-19 10:00:00,Sunday,33,6,27
2016-06-19 11:00:00,Sunday,33,8,25
2016-06-19 12:00:00,Sunday,42,15,27
2016-06-19 13:00:00,Sunday,44,16,28
2016-06-19 14:00:00,Sunday,48,24,24
2016-06-19 15:00:00,Sunday,40,15,25
2016-06-19 16:00:00,Sunday,52,19,33
2016-06-19 17:00:00,Sunday,44,32,12
2016-06-19 18:00:00,Sunday,52,33,19
2016-06-19 19:00:00,Sunday,36,24,12
2016-06-19 20:00:00,Sunday,24,12,12
2016-06-19 21:00:00,Sunday,26,19,7
2016-06-19 22:00:00,Sunday,9,5,4
2016-06-19 23:00:00,Sunday,11,8,3
2016-06-20 00:00:00,Monday,9,5,4
2016-06-20 01:00:00,Monday,5,1,4
2016-06-20 02:00:00,Monday,0,0,0
2016-06-20 03:00:00,Monday,1,1,0
2016-06-20 04:00:00,Monday,3,0,3
2016-06-20 05:00:00,Monday,15,1,14
2016-06-20 06:00:00,Monday,38,3,35
2016-06-20 07:00:00,Monday,121,6,115
2016-06-20 08:00:00,Monday,337,22,315
2016-06-20 09:00:00,Monday,190,24,166
2016-06-20 10:00:00,Monday,96,25,71
2016-06-20 11:00:00,Monday,52,14,38
2016-06-20 12:00:00,Monday,62,26,36
2016-06-20 13:00:00,Monday,36,20,16
2016-06-20 14:00:00,Monday,44,21,23
2016-06-20 15:00:00,Monday,49,30,19
2016-06-20 16:00:00,Monday,144,90,54
2016-06-20 17:00:00,Monday,259,212,47
2016-06-20 18:00:00,Monday,216,169,47
2016-06-20 19:00:00,Monday,132,96,36
2016-06-20 20:00:00,Monday,67,59,8
2016-06-20 21:00:00,Monday,39,28,11
2016-06-20 22:00:00,Monday,17,15,2
2016-06-20 23:00:00,Monday,15,11,4
2016-06-21 00:00:00,Tuesday,4,3,1
2016-06-21 01:00:00,Tuesday,6,5,1
2016-06-21 02:00:00,Tuesday,2,0,2
2016-06-21 03:00:00,Tuesday,0,0,0
2016-06-21 04:00:00,Tuesday,4,1,3
2016-06-21 05:00:00,Tuesday,6,0,6
2016-06-21 06:00:00,Tuesday,30,1,29
2016-06-21 07:00:00,Tuesday,135,19,116
2016-06-21 08:00:00,Tuesday,281,25,256
2016-06-21 09:00:00,Tuesday,192,17,175
2016-06-21 10:00:00,Tuesday,84,16,68
2016-06-21 11:00:00,Tuesday,58,11,47
2016-06-21 12:00:00,Tuesday,48,20,28
2016-06-21 13:00:00,Tuesday,54,32,22
2016-06-21 14:00:00,Tuesday,44,20,24
2016-06-21 15:00:00,Tuesday,42,23,19
2016-06-21 16:00:00,Tuesday,103,72,31
2016-06-21 17:00:00,Tuesday,249,201,48
2016-06-21 18:00:00,Tuesday,215,147,68
2016-06-21 19:00:00,Tuesday,96,69,27
2016-06-21 20:00:00,Tuesday,66,56,10
2016-06-21 21:00:00,Tuesday,43,37,6
2016-06-21 22:00:00,Tuesday,26,20,6
2016-06-21 23:00:00,Tuesday,26,19,7
2016-06-22 00:00:00,Wednesday,7,5,2
2016-06-22 01:00:00,Wednesday,4,2,2
2016-06-22 02:00:00,Wednesday,2,2,0
2016-06-22 03:00:00,Wednesday,2,2,0
2016-06-22 04:00:00,Wednesday,5,1,4
2016-06-22 05:00:00,Wednesday,11,1,10
2016-06-22 06:00:00,Wednesday,51,5,46
2016-06-22 07:00:00,Wednesday,153,13,140
2016-06-22 08:00:00,Wednesday,325,33,292
2016-06-22 09:00:00,Wednesday,213,28,185
2016-06-22 10:00:00,Wednesday,78,13,65
2016-06-22 11:00:00,Wednesday,49,8,41
2016-06-22 12:00:00,Wednesday,60,17,43
2016-06-22 13:00:00,Wednesday,40,20,20
2016-06-22 14:00:00,Wednesday,41,21,20
2016-06-22 15:00:00,Wednesday,44,23,21
2016-06-22 16:00:00,Wednesday,101,65,36
2016-06-22 17:00:00,Wednesday,278,224,54
2016-06-22 18:00:00,Wednesday,198,154,44
2016-06-22 19:00:00,Wednesday,135,99,36
2016-06-22 20:00:00,Wednesday,75,58,17
2016-06-22 21:00:00,Wednesday,42,28,14
2016-06-22 22:00:00,Wednesday,35,22,13
2016-06-22 23:00:00,Wednesday,16,14,2
2016-06-23 00:00:00,Thursday,10,7,3
2016-06-23 01:00:00,Thursday,2,1,1
2016-06-23 02:00:00,Thursday,1,1,0
2016-06-23 03:00:00,Thursday,4,3,1
2016-06-23 04:00:00,Thursday,3,1,2
2016-06-23 05:00:00,Thursday,12,2,10
2016-06-23 06:00:00,Thursday,34,4,30
2016-06-23 07:00:00,Thursday,136,13,123
2016-06-23 08:00:00,Thursday,313,40,273
2016-06-23 09:00:00,Thursday,181,22,159
2016-06-23 10:00:00,Thursday,80,13,67
2016-06-23 11:00:00,Thursday,43,15,28
2016-06-23 12:00:00,Thursday,63,25,38
2016-06-23 13:00:00,Thursday,52,25,27
2016-06-23 14:00:00,Thursday,59,26,33
2016-06-23 15:00:00,Thursday,61,38,23
2016-06-23 16:00:00,Thursday,101,64,37
2016-06-23 17:00:00,Thursday,255,186,69
2016-06-23 18:00:00,Thursday,192,137,55
2016-06-23 19:00:00,Thursday,120,92,28
2016-06-23 20:00:00,Thursday,54,46,8
2016-06-23 21:00:00,Thursday,41,35,6
2016-06-23 22:00:00,Thursday,41,28,13
2016-06-23 23:00:00,Thursday,21,17,4
2016-06-24 00:00:00,Friday,8,8,0
2016-06-24 01:00:00,Friday,6,6,0
2016-06-24 02:00:00,Friday,3,2,1
2016-06-24 03:00:00,Friday,2,1,1
2016-06-24 04:00:00,Friday,2,0,2
2016-06-24 05:00:00,Friday,11,0,11
2016-06-24 06:00:00,Friday,43,4,39
2016-06-24 07:00:00,Friday,131,12,119
2016-06-24 08:00:00,Friday,297,21,276
2016-06-24 09:00:00,Friday,187,23,164
2016-06-24 10:00:00,Friday,72,12,60
2016-06-24 11:00:00,Friday,52,22,30
2016-06-24 12:00:00,Friday,51,18,33
2016-06-24 13:00:00,Friday,54,22,32
2016-06-24 14:00:00,Friday,64,40,24
2016-06-24 15:00:00,Friday,80,51,29
2016-06-24 16:00:00,Friday,119,84,35
2016-06-24 17:00:00,Friday,226,172,54
2016-06-24 18:00:00,Friday,168,134,34
2016-06-24 19:00:00,Friday,86,65,21
2016-06-24 20:00:00,Friday,62,46,16
2016-06-24 21:00:00,Friday,32,28,4
2016-06-24 22:00:00,Friday,14,9,5
2016-06-24 23:00:00,Friday,19,12,7
2016-06-25 00:00:00,Saturday,13,10,3
2016-06-25 01:00:00,Saturday,3,1,2
2016-06-25 02:00:00,Saturday,7,5,2
2016-06-25 03:00:00,Saturday,1,1,0
2016-06-25 04:00:00,Saturday,3,0,3
2016-06-25 05:00:00,Saturday,10,2,8
2016-06-25 06:00:00,Saturday,9,3,6
2016-06-25 07:00:00,Saturday,16,5,11
2016-06-25 08:00:00,Saturday,18,4,14
2016-06-25 09:00:00,Saturday,26,5,21
2016-06-25 10:00:00,Saturday,39,11,28
2016-06-25 11:00:00,Saturday,43,13,30
2016-06-25 12:00:00,Saturday,60,16,44
2016-06-25 13:00:00,Saturday,49,18,31
2016-06-25 14:00:00,Saturday,60,29,31
2016-06-25 15:00:00,Saturday,61,32,29
2016-06-25 16:00:00,Saturday,50,20,30
2016-06-25 17:00:00,Saturday,34,17,17
2016-06-25 18:00:00,Saturday,44,27,17
2016-06-25 19:00:00,Saturday,44,30,14
2016-06-25 20:00:00,Saturday,30,24,6
2016-06-25 21:00:00,Saturday,21,15,6
2016-06-25 22:00:00,Saturday,18,15,3
2016-06-25 23:00:00,Saturday,16,11,5
2016-06-26 00:00:00,Sunday,8,4,4
2016-06-26 01:00:00,Sunday,7,6,1
2016-06-26 02:00:00,Sunday,0,0,0
2016-06-26 03:00:00,Sunday,0,0,0
2016-06-26 04:00:00,Sunday,3,0,3
2016-06-26 05:00:00,Sunday,1,0,1
2016-06-26 06:00:00,Sunday,14,0,14
2016-06-26 07:00:00,Sunday,37,0,37
2016-06-26 08:00:00,Sunday,16,6,10
2016-06-26 09:00:00,Sunday,30,13,17
2016-06-26 10:00:00,Sunday,40,11,29
2016-06-26 11:00:00,Sunday,50,21,29
2016-06-26 12:00:00,Sunday,34,17,17
2016-06-26 13:00:00,Sunday,53,18,35
2016-06-26 14:00:00,Sunday,48,17,31
2016-06-26 15:00:00,Sunday,53,14,39
2016-06-26 16:00:00,Sunday,38,17,21
2016-06-26 17:00:00,Sunday,46,34,12
2016-06-26 18:00:00,Sunday,31,18,13
2016-06-26 19:00:00,Sunday,31,22,9
2016-06-26 20:00:00,Sunday,24,17,7
2016-06-26 21:00:00,Sunday,10,9,1
2016-06-26 22:00:00,Sunday,12,5,7
2016-06-26 23:00:00,Sunday,3,3,0
2016-06-27 00:00:00,Monday,6,4,2
2016-06-27 01:00:00,Monday,2,1,1
2016-06-27 02:00:00,Monday,1,1,0
2016-06-27 03:00:00,Monday,3,0,3
2016-06-27 04:00:00,Monday,1,0,1
2016-06-27 05:00:00,Monday,11,0,11
2016-06-27 06:00:00,Monday,38,4,34
2016-06-27 07:00:00,Monday,137,10,127
2016-06-27 08:00:00,Monday,284,28,256
2016-06-27 09:00:00,Monday,201,12,189
2016-06-27 10:00:00,Monday,84,22,62
2016-06-27 11:00:00,Monday,68,18,50
2016-06-27 12:00:00,Monday,57,15,42
2016-06-27 13:00:00,Monday,32,12,20
2016-06-27 14:00:00,Monday,23,6,17
2016-06-27 15:00:00,Monday,54,37,17
2016-06-27 16:00:00,Monday,98,69,29
2016-06-27 17:00:00,Monday,266,206,60
2016-06-27 18:00:00,Monday,196,164,32
2016-06-27 19:00:00,Monday,108,82,26
2016-06-27 20:00:00,Monday,54,45,9
2016-06-27 21:00:00,Monday,30,18,12
2016-06-27 22:00:00,Monday,23,22,1
2016-06-27 23:00:00,Monday,9,6,3
2016-06-28 00:00:00,Tuesday,4,3,1
2016-06-28 01:00:00,Tuesday,3,3,0
2016-06-28 02:00:00,Tuesday,1,1,0
2016-06-28 03:00:00,Tuesday,1,1,0
2016-06-28 04:00:00,Tuesday,4,0,4
2016-06-28 05:00:00,Tuesday,8,3,5
2016-06-28 06:00:00,Tuesday,38,5,33
2016-06-28 07:00:00,Tuesday,62,10,52
2016-06-28 08:00:00,Tuesday,169,10,159
2016-06-28 09:00:00,Tuesday,120,13,107
2016-06-28 10:00:00,Tuesday,51,5,46
2016-06-28 11:00:00,Tuesday,46,12,34
2016-06-28 12:00:00,Tuesday,37,13,24
2016-06-28 13:00:00,Tuesday,38,18,20
2016-06-28 14:00:00,Tuesday,44,19,25
2016-06-28 15:00:00,Tuesday,49,29,20
2016-06-28 16:00:00,Tuesday,75,46,29
2016-06-28 17:00:00,Tuesday,153,116,37
2016-06-28 18:00:00,Tuesday,147,115,32
2016-06-28 19:00:00,Tuesday,74,55,19
2016-06-28 20:00:00,Tuesday,50,40,10
2016-06-28 21:00:00,Tuesday,32,24,8
2016-06-28 22:00:00,Tuesday,12,10,2
2016-06-28 23:00:00,Tuesday,17,16,1
2016-06-29 00:00:00,Wednesday,5,4,1
2016-06-29 01:00:00,Wednesday,1,1,0
2016-06-29 02:00:00,Wednesday,1,0,1
2016-06-29 03:00:00,Wednesday,1,0,1
2016-06-29 04:00:00,Wednesday,0,0,0
2016-06-29 05:00:00,Wednesday,13,1,12
2016-06-29 06:00:00,Wednesday,26,1,25
2016-06-29 07:00:00,Wednesday,127,14,113
2016-06-29 08:00:00,Wednesday,181,16,165
2016-06-29 09:00:00,Wednesday,117,15,102
2016-06-29 10:00:00,Wednesday,76,11,65
2016-06-29 11:00:00,Wednesday,44,11,33
2016-06-29 12:00:00,Wednesday,51,20,31
2016-06-29 13:00:00,Wednesday,40,15,25
2016-06-29 14:00:00,Wednesday,35,15,20
2016-06-29 15:00:00,Wednesday,46,29,17
2016-06-29 16:00:00,Wednesday,69,44,25
2016-06-29 17:00:00,Wednesday,203,160,43
2016-06-29 18:00:00,Wednesday,151,122,29
2016-06-29 19:00:00,Wednesday,82,57,25
2016-06-29 20:00:00,Wednesday,51,39,12
2016-06-29 21:00:00,Wednesday,49,40,9
2016-06-29 22:00:00,Wednesday,24,19,5
2016-06-29 23:00:00,Wednesday,16,12,4
2016-06-30 00:00:00,Thursday,12,8,4
2016-06-30 01:00:00,Thursday,4,4,0
2016-06-30 02:00:00,Thursday,2,0,2
2016-06-30 03:00:00,Thursday,2,1,1
2016-06-30 04:00:00,Thursday,0,0,0
2016-06-30 05:00:00,Thursday,9,0,9
2016-06-30 06:00:00,Thursday,41,8,33
2016-06-30 07:00:00,Thursday,153,11,142
2016-06-30 08:00:00,Thursday,293,31,262
2016-06-30 09:00:00,Thursday,196,24,172
2016-06-30 10:00:00,Thursday,56,9,47
2016-06-30 11:00:00,Thursday,51,9,42
2016-06-30 12:00:00,Thursday,35,8,27
2016-06-30 13:00:00,Thursday,47,21,26
2016-06-30 14:00:00,Thursday,62,32,30
2016-06-30 15:00:00,Thursday,66,36,30
2016-06-30 16:00:00,Thursday,105,67,38
2016-06-30 17:00:00,Thursday,229,179,50
2016-06-30 18:00:00,Thursday,209,165,44
2016-06-30 19:00:00,Thursday,125,98,27
2016-06-30 20:00:00,Thursday,79,57,22
2016-06-30 21:00:00,Thursday,32,23,9
2016-06-30 22:00:00,Thursday,28,21,7
2016-06-30 23:00:00,Thursday,20,17,3
2016-07-01 00:00:00,Friday,6,5,1
2016-07-01 01:00:00,Friday,6,5,1
2016-07-01 02:00:00,Friday,6,4,2
2016-07-01 03:00:00,Friday,1,1,0
2016-07-01 04:00:00,Friday,3,1,2
2016-07-01 05:00:00,Friday,6,1,5
2016-07-01 06:00:00,Friday,32,3,29
2016-07-01 07:00:00,Friday,102,12,90
2016-07-01 08:00:00,Friday,230,15,215
2016-07-01 09:00:00,Friday,152,24,128
2016-07-01 10:00:00,Friday,76,11,65
2016-07-01 11:00:00,Friday,61,24,37
2016-07-01 12:00:00,Friday,54,20,34
2016-07-01 13:00:00,Friday,75,41,34
2016-07-01 14:00:00,Friday,82,55,27
2016-07-01 15:00:00,Friday,78,59,19
2016-07-01 16:00:00,Friday,130,88,42
2016-07-01 17:00:00,Friday,134,116,18
2016-07-01 18:00:00,Friday,138,101,37
2016-07-01 19:00:00,Friday,65,44,21
2016-07-01 20:00:00,Friday,31,25,6
2016-07-01 21:00:00,Friday,10,6,4
2016-07-01 22:00:00,Friday,8,6,2
2016-07-01 23:00:00,Friday,12,10,2
2016-07-02 00:00:00,Saturday,3,3,0
2016-07-02 01:00:00,Saturday,2,2,0
2016-07-02 02:00:00,Saturday,2,1,1
2016-07-02 03:00:00,Saturday,2,2,0
2016-07-02 04:00:00,Saturday,1,0,1
2016-07-02 05:00:00,Saturday,1,0,1
2016-07-02 06:00:00,Saturday,11,0,11
2016-07-02 07:00:00,Saturday,9,2,7
2016-07-02 08:00:00,Saturday,25,4,21
2016-07-02 09:00:00,Saturday,29,3,26
2016-07-02 10:00:00,Saturday,31,7,24
2016-07-02 11:00:00,Saturday,50,22,28
2016-07-02 12:00:00,Saturday,44,17,27
2016-07-02 13:00:00,Saturday,45,10,35
2016-07-02 14:00:00,Saturday,46,20,26
2016-07-02 15:00:00,Saturday,52,19,33
2016-07-02 16:00:00,Saturday,39,22,17
2016-07-02 17:00:00,Saturday,25,10,15
2016-07-02 18:00:00,Saturday,28,15,13
2016-07-02 19:00:00,Saturday,38,20,18
2016-07-02 20:00:00,Saturday,31,18,13
2016-07-02 21:00:00,Saturday,23,13,10
2016-07-02 22:00:00,Saturday,13,9,4
2016-07-02 23:00:00,Saturday,14,13,1
2016-07-03 00:00:00,Sunday,3,2,1
2016-07-03 01:00:00,Sunday,4,4,0
2016-07-03 02:00:00,Sunday,4,2,2
2016-07-03 03:00:00,Sunday,1,1,0
2016-07-03 04:00:00,Sunday,2,2,0
2016-07-03 05:00:00,Sunday,1,0,1
2016-07-03 06:00:00,Sunday,3,0,3
2016-07-03 07:00:00,Sunday,12,3,9
2016-07-03 08:00:00,Sunday,15,2,13
2016-07-03 09:00:00,Sunday,19,7,12
2016-07-03 10:00:00,Sunday,36,16,20
2016-07-03 11:00:00,Sunday,34,14,20
2016-07-03 12:00:00,Sunday,25,9,16
2016-07-03 13:00:00,Sunday,33,13,20
2016-07-03 14:00:00,Sunday,44,16,28
2016-07-03 15:00:00,Sunday,26,9,17
2016-07-03 16:00:00,Sunday,32,10,22
2016-07-03 17:00:00,Sunday,31,12,19
2016-07-03 18:00:00,Sunday,34,16,18
2016-07-03 19:00:00,Sunday,29,16,13
2016-07-03 20:00:00,Sunday,29,15,14
2016-07-03 21:00:00,Sunday,19,12,7
2016-07-03 22:00:00,Sunday,18,17,1
2016-07-03 23:00:00,Sunday,7,5,2
2016-07-04 00:00:00,Monday,5,4,1
2016-07-04 01:00:00,Monday,5,4,1
2016-07-04 02:00:00,Monday,2,2,0
2016-07-04 03:00:00,Monday,0,0,0
2016-07-04 04:00:00,Monday,2,1,1
2016-07-04 05:00:00,Monday,3,0,3
2016-07-04 06:00:00,Monday,6,1,5
2016-07-04 07:00:00,Monday,12,2,10
2016-07-04 08:00:00,Monday,23,3,20
2016-07-04 09:00:00,Monday,36,6,30
2016-07-04 10:00:00,Monday,41,16,25
2016-07-04 11:00:00,Monday,36,14,22
2016-07-04 12:00:00,Monday,48,22,26
2016-07-04 13:00:00,Monday,22,15,7
2016-07-04 14:00:00,Monday,36,15,21
2016-07-04 15:00:00,Monday,38,12,26
2016-07-04 16:00:00,Monday,44,23,21
2016-07-04 17:00:00,Monday,75,28,47
2016-07-04 18:00:00,Monday,55,24,31
2016-07-04 19:00:00,Monday,68,19,49
2016-07-04 20:00:00,Monday,63,21,42
2016-07-04 21:00:00,Monday,71,21,50
2016-07-04 22:00:00,Monday,56,12,44
2016-07-04 23:00:00,Monday,92,80,12
2016-07-05 00:00:00,Tuesday,14,12,2
2016-07-05 01:00:00,Tuesday,3,1,2
2016-07-05 02:00:00,Tuesday,0,0,0
2016-07-05 03:00:00,Tuesday,2,2,0
2016-07-05 04:00:00,Tuesday,4,2,2
2016-07-05 05:00:00,Tuesday,7,0,7
2016-07-05 06:00:00,Tuesday,22,1,21
2016-07-05 07:00:00,Tuesday,37,6,31
2016-07-05 08:00:00,Tuesday,114,5,109
2016-07-05 09:00:00,Tuesday,85,8,77
2016-07-05 10:00:00,Tuesday,50,4,46
2016-07-05 11:00:00,Tuesday,39,7,32
2016-07-05 12:00:00,Tuesday,29,12,17
2016-07-05 13:00:00,Tuesday,26,6,20
2016-07-05 14:00:00,Tuesday,28,13,15
2016-07-05 15:00:00,Tuesday,32,18,14
2016-07-05 16:00:00,Tuesday,65,44,21
2016-07-05 17:00:00,Tuesday,127,97,30
2016-07-05 18:00:00,Tuesday,113,83,30
2016-07-05 19:00:00,Tuesday,71,50,21
2016-07-05 20:00:00,Tuesday,42,33,9
2016-07-05 21:00:00,Tuesday,27,17,10
2016-07-05 22:00:00,Tuesday,10,7,3
2016-07-05 23:00:00,Tuesday,6,6,0
2016-07-06 00:00:00,Wednesday,3,3,0
2016-07-06 01:00:00,Wednesday,4,4,0
2016-07-06 02:00:00,Wednesday,2,1,1
2016-07-06 03:00:00,Wednesday,1,1,0
2016-07-06 04:00:00,Wednesday,2,1,1
2016-07-06 05:00:00,Wednesday,10,1,9
2016-07-06 06:00:00,Wednesday,48,6,42
2016-07-06 07:00:00,Wednesday,159,8,151
2016-07-06 08:00:00,Wednesday,313,35,278
2016-07-06 09:00:00,Wednesday,210,28,182
2016-07-06 10:00:00,Wednesday,72,15,57
2016-07-06 11:00:00,Wednesday,52,17,35
2016-07-06 12:00:00,Wednesday,48,13,35
2016-07-06 13:00:00,Wednesday,34,18,16
2016-07-06 14:00:00,Wednesday,34,15,19
2016-07-06 15:00:00,Wednesday,42,22,20
2016-07-06 16:00:00,Wednesday,92,61,31
2016-07-06 17:00:00,Wednesday,258,204,54
2016-07-06 18:00:00,Wednesday,201,159,42
2016-07-06 19:00:00,Wednesday,127,95,32
2016-07-06 20:00:00,Wednesday,74,59,15
2016-07-06 21:00:00,Wednesday,40,29,11
2016-07-06 22:00:00,Wednesday,19,15,4
2016-07-06 23:00:00,Wednesday,15,14,1
2016-07-07 00:00:00,Thursday,7,7,0
2016-07-07 01:00:00,Thursday,1,1,0
2016-07-07 02:00:00,Thursday,2,2,0
2016-07-07 03:00:00,Thursday,1,1,0
2016-07-07 04:00:00,Thursday,4,2,2
2016-07-07 05:00:00,Thursday,11,4,7
2016-07-07 06:00:00,Thursday,43,6,37
2016-07-07 07:00:00,Thursday,135,10,125
2016-07-07 08:00:00,Thursday,292,22,270
2016-07-07 09:00:00,Thursday,201,24,177
2016-07-07 10:00:00,Thursday,91,17,74
2016-07-07 11:00:00,Thursday,52,12,40
2016-07-07 12:00:00,Thursday,39,11,28
2016-07-07 13:00:00,Thursday,39,23,16
2016-07-07 14:00:00,Thursday,53,27,26
2016-07-07 15:00:00,Thursday,62,41,21
2016-07-07 16:00:00,Thursday,89,70,19
2016-07-07 17:00:00,Thursday,252,199,53
2016-07-07 18:00:00,Thursday,190,146,44
2016-07-07 19:00:00,Thursday,108,86,22
2016-07-07 20:00:00,Thursday,53,43,10
2016-07-07 21:00:00,Thursday,37,28,9
2016-07-07 22:00:00,Thursday,40,35,5
2016-07-07 23:00:00,Thursday,20,13,7
2016-07-08 00:00:00,Friday,7,6,1
2016-07-08 01:00:00,Friday,2,0,2
2016-07-08 02:00:00,Friday,1,1,0
2016-07-08 03:00:00,Friday,3,2,1
2016-07-08 04:00:00,Friday,2,0,2
2016-07-08 05:00:00,Friday,8,1,7
2016-07-08 06:00:00,Friday,30,5,25
2016-07-08 07:00:00,Friday,127,18,109
2016-07-08 08:00:00,Friday,256,18,238
2016-07-08 09:00:00,Friday,154,12,142
2016-07-08 10:00:00,Friday,63,8,55
2016-07-08 11:00:00,Friday,61,20,41
2016-07-08 12:00:00,Friday,40,15,25
2016-07-08 13:00:00,Friday,53,22,31
2016-07-08 14:00:00,Friday,62,29,33
2016-07-08 15:00:00,Friday,66,43,23
2016-07-08 16:00:00,Friday,110,76,34
2016-07-08 17:00:00,Friday,189,157,32
2016-07-08 18:00:00,Friday,180,135,45
2016-07-08 19:00:00,Friday,80,59,21
2016-07-08 20:00:00,Friday,42,31,11
2016-07-08 21:00:00,Friday,23,16,7
2016-07-08 22:00:00,Friday,21,15,6
2016-07-08 23:00:00,Friday,26,23,3
2016-07-09 00:00:00,Saturday,13,12,1
2016-07-09 01:00:00,Saturday,3,3,0
2016-07-09 02:00:00,Saturday,6,6,0
2016-07-09 03:00:00,Saturday,0,0,0
2016-07-09 04:00:00,Saturday,1,1,0
2016-07-09 05:00:00,Saturday,3,0,3
2016-07-09 06:00:00,Saturday,4,2,2
2016-07-09 07:00:00,Saturday,9,1,8
2016-07-09 08:00:00,Saturday,18,4,14
2016-07-09 09:00:00,Saturday,17,4,13
2016-07-09 10:00:00,Saturday,36,12,24
2016-07-09 11:00:00,Saturday,36,13,23
2016-07-09 12:00:00,Saturday,34,18,16
2016-07-09 13:00:00,Saturday,44,14,30
2016-07-09 14:00:00,Saturday,35,18,17
2016-07-09 15:00:00,Saturday,21,10,11
2016-07-09 16:00:00,Saturday,35,18,17
2016-07-09 17:00:00,Saturday,32,17,15
2016-07-09 18:00:00,Saturday,38,21,17
2016-07-09 19:00:00,Saturday,23,13,10
2016-07-09 20:00:00,Saturday,22,18,4
2016-07-09 21:00:00,Saturday,12,6,6
2016-07-09 22:00:00,Saturday,11,9,2
2016-07-09 23:00:00,Saturday,11,9,2
2016-07-10 00:00:00,Sunday,3,2,1
2016-07-10 01:00:00,Sunday,2,1,1
2016-07-10 02:00:00,Sunday,4,3,1
2016-07-10 03:00:00,Sunday,1,0,1
2016-07-10 04:00:00,Sunday,1,1,0
2016-07-10 05:00:00,Sunday,1,0,1
2016-07-10 06:00:00,Sunday,6,1,5
2016-07-10 07:00:00,Sunday,3,1,2
2016-07-10 08:00:00,Sunday,10,2,8
2016-07-10 09:00:00,Sunday,13,2,11
2016-07-10 10:00:00,Sunday,13,5,8
2016-07-10 11:00:00,Sunday,25,5,20
2016-07-10 12:00:00,Sunday,20,4,16
2016-07-10 13:00:00,Sunday,27,5,22
2016-07-10 14:00:00,Sunday,24,9,15
2016-07-10 15:00:00,Sunday,31,18,13
2016-07-10 16:00:00,Sunday,22,10,12
2016-07-10 17:00:00,Sunday,34,21,13
2016-07-10 18:00:00,Sunday,34,13,21
2016-07-10 19:00:00,Sunday,23,14,9
2016-07-10 20:00:00,Sunday,19,11,8
2016-07-10 21:00:00,Sunday,10,5,5
2016-07-10 22:00:00,Sunday,10,8,2
2016-07-10 23:00:00,Sunday,9,8,1
2016-07-11 00:00:00,Monday,5,5,0
2016-07-11 01:00:00,Monday,2,2,0
2016-07-11 02:00:00,Monday,1,1,0
2016-07-11 03:00:00,Monday,0,0,0
2016-07-11 04:00:00,Monday,1,0,1
2016-07-11 05:00:00,Monday,7,0,7
2016-07-11 06:00:00,Monday,46,5,41
2016-07-11 07:00:00,Monday,139,14,125
2016-07-11 08:00:00,Monday,306,27,279
2016-07-11 09:00:00,Monday,178,21,157
2016-07-11 10:00:00,Monday,83,19,64
2016-07-11 11:00:00,Monday,50,17,33
2016-07-11 12:00:00,Monday,43,16,27
2016-07-11 13:00:00,Monday,45,21,24
2016-07-11 14:00:00,Monday,38,20,18
2016-07-11 15:00:00,Monday,54,36,18
2016-07-11 16:00:00,Monday,101,61,40
2016-07-11 17:00:00,Monday,274,210,64
2016-07-11 18:00:00,Monday,219,182,37
2016-07-11 19:00:00,Monday,113,90,23
2016-07-11 20:00:00,Monday,63,47,16
2016-07-11 21:00:00,Monday,41,36,5
2016-07-11 22:00:00,Monday,23,16,7
2016-07-11 23:00:00,Monday,17,15,2
2016-07-12 00:00:00,Tuesday,5,5,0
2016-07-12 01:00:00,Tuesday,4,4,0
2016-07-12 02:00:00,Tuesday,1,1,0
2016-07-12 03:00:00,Tuesday,0,0,0
2016-07-12 04:00:00,Tuesday,3,2,1
2016-07-12 05:00:00,Tuesday,11,0,11
2016-07-12 06:00:00,Tuesday,42,3,39
2016-07-12 07:00:00,Tuesday,173,16,157
2016-07-12 08:00:00,Tuesday,306,20,286
2016-07-12 09:00:00,Tuesday,184,17,167
2016-07-12 10:00:00,Tuesday,103,24,79
2016-07-12 11:00:00,Tuesday,39,8,31
2016-07-12 12:00:00,Tuesday,47,14,33
2016-07-12 13:00:00,Tuesday,43,17,26
2016-07-12 14:00:00,Tuesday,49,23,26
2016-07-12 15:00:00,Tuesday,65,35,30
2016-07-12 16:00:00,Tuesday,110,73,37
2016-07-12 17:00:00,Tuesday,280,218,62
2016-07-12 18:00:00,Tuesday,244,181,63
2016-07-12 19:00:00,Tuesday,138,115,23
2016-07-12 20:00:00,Tuesday,76,62,14
2016-07-12 21:00:00,Tuesday,51,43,8
2016-07-12 22:00:00,Tuesday,34,28,6
2016-07-12 23:00:00,Tuesday,22,18,4
2016-07-13 00:00:00,Wednesday,12,12,0
2016-07-13 01:00:00,Wednesday,9,9,0
2016-07-13 02:00:00,Wednesday,0,0,0
2016-07-13 03:00:00,Wednesday,1,1,0
2016-07-13 04:00:00,Wednesday,3,0,3
2016-07-13 05:00:00,Wednesday,9,0,9
2016-07-13 06:00:00,Wednesday,46,5,41
2016-07-13 07:00:00,Wednesday,149,17,132
2016-07-13 08:00:00,Wednesday,298,22,276
2016-07-13 09:00:00,Wednesday,212,29,183
2016-07-13 10:00:00,Wednesday,79,15,64
2016-07-13 11:00:00,Wednesday,47,15,32
2016-07-13 12:00:00,Wednesday,50,16,34
2016-07-13 13:00:00,Wednesday,49,17,32
2016-07-13 14:00:00,Wednesday,48,26,22
2016-07-13 15:00:00,Wednesday,46,31,15
2016-07-13 16:00:00,Wednesday,87,66,21
2016-07-13 17:00:00,Wednesday,253,188,65
2016-07-13 18:00:00,Wednesday,222,175,47
2016-07-13 19:00:00,Wednesday,124,99,25
2016-07-13 20:00:00,Wednesday,78,58,20
2016-07-13 21:00:00,Wednesday,49,41,8
2016-07-13 22:00:00,Wednesday,21,14,7
2016-07-13 23:00:00,Wednesday,24,15,9
2016-07-14 00:00:00,Thursday,13,9,4
2016-07-14 01:00:00,Thursday,3,3,0
2016-07-14 02:00:00,Thursday,2,1,1
2016-07-14 03:00:00,Thursday,1,1,0
2016-07-14 04:00:00,Thursday,2,0,2
2016-07-14 05:00:00,Thursday,8,0,8
2016-07-14 06:00:00,Thursday,50,8,42
2016-07-14 07:00:00,Thursday,142,14,128
2016-07-14 08:00:00,Thursday,279,21,258
2016-07-14 09:00:00,Thursday,175,15,160
2016-07-14 10:00:00,Thursday,78,12,66
2016-07-14 11:00:00,Thursday,52,14,38
2016-07-14 12:00:00,Thursday,54,20,34
2016-07-14 13:00:00,Thursday,33,18,15
2016-07-14 14:00:00,Thursday,37,22,15
2016-07-14 15:00:00,Thursday,51,31,20
2016-07-14 16:00:00,Thursday,98,77,21
2016-07-14 17:00:00,Thursday,242,186,56
2016-07-14 18:00:00,Thursday,180,138,42
2016-07-14 19:00:00,Thursday,101,73,28
2016-07-14 20:00:00,Thursday,62,50,12
2016-07-14 21:00:00,Thursday,45,37,8
2016-07-14 22:00:00,Thursday,22,19,3
2016-07-14 23:00:00,Thursday,19,16,3
2016-07-15 00:00:00,Friday,7,7,0
2016-07-15 01:00:00,Friday,2,0,2
2016-07-15 02:00:00,Friday,1,1,0
2016-07-15 03:00:00,Friday,1,1,0
2016-07-15 04:00:00,Friday,1,0,1
2016-07-15 05:00:00,Friday,7,0,7
2016-07-15 06:00:00,Friday,29,5,24
2016-07-15 07:00:00,Friday,120,13,107
2016-07-15 08:00:00,Friday,278,23,255
2016-07-15 09:00:00,Friday,130,14,116
2016-07-15 10:00:00,Friday,70,14,56
2016-07-15 11:00:00,Friday,53,20,33
2016-07-15 12:00:00,Friday,52,18,34
2016-07-15 13:00:00,Friday,51,28,23
2016-07-15 14:00:00,Friday,44,22,22
2016-07-15 15:00:00,Friday,63,44,19
2016-07-15 16:00:00,Friday,95,72,23
2016-07-15 17:00:00,Friday,198,139,59
2016-07-15 18:00:00,Friday,155,108,47
2016-07-15 19:00:00,Friday,81,60,21
2016-07-15 20:00:00,Friday,49,33,16
2016-07-15 21:00:00,Friday,38,34,4
2016-07-15 22:00:00,Friday,37,20,17
2016-07-15 23:00:00,Friday,26,16,10
2016-07-16 00:00:00,Saturday,28,24,4
2016-07-16 01:00:00,Saturday,10,8,2
2016-07-16 02:00:00,Saturday,26,26,0
2016-07-16 03:00:00,Saturday,2,2,0
2016-07-16 04:00:00,Saturday,12,6,6
2016-07-16 05:00:00,Saturday,10,4,6
2016-07-16 06:00:00,Saturday,24,6,18
2016-07-16 07:00:00,Saturday,42,2,40
2016-07-16 08:00:00,Saturday,58,6,52
2016-07-16 09:00:00,Saturday,62,12,50
2016-07-16 10:00:00,Saturday,82,26,56
2016-07-16 11:00:00,Saturday,84,40,44
2016-07-16 12:00:00,Saturday,66,24,42
2016-07-16 13:00:00,Saturday,66,10,56
2016-07-16 14:00:00,Saturday,102,34,68
2016-07-16 15:00:00,Saturday,122,40,82
2016-07-16 16:00:00,Saturday,60,28,32
2016-07-16 17:00:00,Saturday,64,34,30
2016-07-16 18:00:00,Saturday,80,44,36
2016-07-16 19:00:00,Saturday,82,46,36
2016-07-16 20:00:00,Saturday,68,38,30
2016-07-16 21:00:00,Saturday,44,34,10
2016-07-16 22:00:00,Saturday,58,50,8
2016-07-16 23:00:00,Saturday,48,44,4
2016-07-17 00:00:00,Sunday,28,18,10
2016-07-17 01:00:00,Sunday,18,10,8
2016-07-17 02:00:00,Sunday,14,10,4
2016-07-17 03:00:00,Sunday,6,2,4
2016-07-17 04:00:00,Sunday,2,0,2
2016-07-17 05:00:00,Sunday,6,0,6
2016-07-17 06:00:00,Sunday,22,6,16
2016-07-17 07:00:00,Sunday,28,4,24
2016-07-17 08:00:00,Sunday,26,6,20
2016-07-17 09:00:00,Sunday,46,10,36
2016-07-17 10:00:00,Sunday,84,26,58
2016-07-17 11:00:00,Sunday,70,30,40
2016-07-17 12:00:00,Sunday,126,40,86
2016-07-17 13:00:00,Sunday,56,14,42
2016-07-17 14:00:00,Sunday,74,16,58
2016-07-17 15:00:00,Sunday,108,38,70
2016-07-17 16:00:00,Sunday,96,52,44
2016-07-17 17:00:00,Sunday,100,64,36
2016-07-17 18:00:00,Sunday,82,54,28
2016-07-17 19:00:00,Sunday,56,38,18
2016-07-17 20:00:00,Sunday,60,44,16
2016-07-17 21:00:00,Sunday,36,26,10
2016-07-17 22:00:00,Sunday,32,18,14
2016-07-17 23:00:00,Sunday,20,16,4
2016-07-18 00:00:00,Monday,4,3,1
2016-07-18 01:00:00,Monday,3,1,2
2016-07-18 02:00:00,Monday,4,4,0
2016-07-18 03:00:00,Monday,1,1,0
2016-07-18 04:00:00,Monday,2,1,1
2016-07-18 05:00:00,Monday,12,0,12
2016-07-18 06:00:00,Monday,44,7,37
2016-07-18 07:00:00,Monday,150,10,140
2016-07-18 08:00:00,Monday,322,33,289
2016-07-18 09:00:00,Monday,170,14,156
2016-07-18 10:00:00,Monday,54,10,44
2016-07-18 11:00:00,Monday,39,12,27
2016-07-18 12:00:00,Monday,41,16,25
2016-07-18 13:00:00,Monday,38,18,20
2016-07-18 14:00:00,Monday,33,12,21
2016-07-18 15:00:00,Monday,61,40,21
2016-07-18 16:00:00,Monday,96,75,21
2016-07-18 17:00:00,Monday,217,185,32
2016-07-18 18:00:00,Monday,172,144,28
2016-07-18 19:00:00,Monday,91,73,18
2016-07-18 20:00:00,Monday,47,37,10
2016-07-18 21:00:00,Monday,30,25,5
2016-07-18 22:30:00,Monday,18,12,6
2016-07-18 23:30:00,Monday,13,9,4
2016-07-18 22:00:00,Monday,8,5,3
